100 1 0 0 0 0 1 0 0 0 0 53 53
100 1 0 0 0 0 1 0 0 0 0 53 54
101 1 0 0 0 0 1 0 0 0 0 53 54
101 1 0 0 0 0 1 0 0 0 0 53 54
101 1 0 0 0 0 1 0 0 0 0 53 55
101 1 0 0 0 0 1 0 0 0 0 53 55
104 1 0 0 0 0 1 0 0 0 0 53 56
104 1 0 0 0 0 1 0 0 0 0 53 56
104 1 0 0 0 0 1 0 0 0 0 53 57
100 1 0 0 0 0 1 0 0 0 0 53 57
100 1 0 0 0 0 1 0 0 0 0 53 58
101 1 0 0 0 0 1 0 0 0 0 53 58
101 1 0 0 0 0 1 0 0 0 0 53 59
101 1 0 0 0 0 1 0 0 0 0 53 59
101 1 0 0 0 0 1 0 0 0 0 54 0
106 1 0 0 0 0 1 0 0 0 0 54 0
106 1 0 0 0 0 1 0 0 0 0 54 0
101 1 0 0 0 0 1 0 0 0 0 54 1
101 1 0 0 0 0 1 0 0 0 0 54 1
101 1 0 0 0 0 1 0 0 0 0 54 2
101 1 0 0 0 0 1 0 0 0 0 54 2
101 1 0 0 0 0 1 0 0 0 0 54 3
101 1 0 0 0 0 1 0 0 0 0 54 3
101 1 0 0 0 0 1 0 0 0 0 54 4
104 1 0 0 0 0 1 0 0 0 0 54 4
104 1 0 0 0 0 1 0 0 0 0 54 5
98 1 0 0 0 0 1 0 0 0 0 54 5
98 1 0 0 0 0 1 0 0 0 0 54 5
100 1 0 0 0 0 1 0 0 0 0 54 6
100 1 0 0 0 0 1 0 0 0 0 54 6
100 1 0 0 0 0 1 0 0 0 0 54 7
98 1 0 0 0 0 1 0 0 0 0 54 7
98 1 0 0 0 0 1 0 0 0 0 54 8
103 1 0 0 0 0 1 0 0 0 0 54 8
103 1 0 0 0 0 1 0 0 0 0 54 8
103 1 0 0 0 0 1 0 0 0 0 54 9
96 1 0 0 0 0 1 0 0 0 0 54 9
96 1 0 0 0 0 1 0 0 0 0 54 10
97 1 0 0 0 0 1 0 0 0 0 54 10
97 1 0 0 0 0 1 0 0 0 0 54 11
96 1 0 0 0 0 1 0 0 0 0 54 11
96 1 0 0 0 0 1 0 0 0 0 54 12
98 1 0 0 0 0 1 0 0 0 0 54 12
98 1 0 0 0 0 1 0 0 0 0 54 13
98 1 0 0 0 0 1 0 0 0 0 54 13
93 1 0 0 0 0 1 0 0 0 0 54 13
93 1 0 0 0 0 1 0 0 0 0 54 14
94 1 0 0 0 0 1 0 0 0 0 54 14
91 1 0 0 0 0 1 0 0 0 0 54 15
91 1 0 0 0 0 1 0 0 0 0 54 15
96 1 0 0 0 0 1 0 0 0 0 54 16
96 1 0 0 0 0 1 0 0 0 0 54 16
91 1 0 0 0 0 1 0 0 0 0 54 17
91 1 0 0 0 0 1 0 0 0 0 54 17
91 1 0 0 0 0 1 0 0 0 0 54 18
91 1 0 0 0 0 1 0 0 0 0 54 18
91 1 0 0 0 0 1 0 0 0 0 54 19
93 1 0 0 0 0 1 0 0 0 0 54 19
93 1 0 0 0 0 1 0 0 0 0 54 20
96 1 0 0 0 0 1 0 0 0 0 54 20
96 1 0 0 0 0 1 0 0 0 0 54 20
96 1 0 0 0 0 1 0 0 0 0 54 21
93 1 0 0 0 0 1 0 0 0 0 54 21
93 1 0 0 0 0 1 0 0 0 0 54 22
93 1 0 0 0 0 1 0 0 0 0 54 22
93 1 0 0 0 0 1 0 0 0 0 54 23
94 1 0 0 0 0 1 0 0 0 0 54 23
94 1 0 0 0 0 1 0 0 0 0 54 24
97 1 0 0 0 0 1 0 0 0 0 54 24
97 1 0 0 0 0 1 0 0 0 0 54 25
93 1 0 0 0 0 1 0 0 0 0 54 25
93 1 0 0 0 0 1 0 0 0 0 54 25
93 1 0 0 0 0 1 0 0 0 0 54 26
93 1 0 0 0 0 1 0 0 0 0 54 26
93 1 0 0 0 0 1 0 0 0 0 54 27
93 1 0 0 0 0 1 0 0 0 0 54 27
97 1 0 0 0 0 1 0 0 0 0 54 28
97 1 0 0 0 0 1 0 0 0 0 54 28
93 1 0 0 0 0 1 0 0 0 0 54 29
93 1 0 0 0 0 1 0 0 0 0 54 29
94 1 0 0 0 0 1 0 0 0 0 54 30
94 1 0 0 0 0 1 0 0 0 0 54 30
94 1 0 0 0 0 1 0 0 0 0 54 31
94 1 0 0 0 0 1 0 0 0 0 54 31
97 1 0 0 0 0 1 0 0 0 0 54 32
97 1 0 0 0 0 1 0 0 0 0 54 32
97 1 0 0 0 0 1 0 0 0 0 54 33
96 1 0 0 0 0 1 0 0 0 0 54 33
96 1 0 0 0 0 1 0 0 0 0 54 34
94 1 0 0 0 0 1 0 0 0 0 54 34
94 1 0 0 0 0 1 0 0 0 0 54 35
96 1 0 0 0 0 1 0 0 0 0 54 35
96 1 0 0 0 0 1 0 0 0 0 54 35
98 1 0 0 0 0 1 0 0 0 0 54 36
98 1 0 0 0 0 1 0 0 0 0 54 36
96 1 0 0 0 0 1 0 0 0 0 54 37
96 1 0 0 0 0 1 0 0 0 0 54 37
94 1 0 0 0 0 1 0 0 0 0 54 38
94 1 0 0 0 0 1 0 0 0 0 54 38
96 1 0 0 0 0 1 0 0 0 0 54 39
96 1 0 0 0 0 1 0 0 0 0 54 39
98 1 0 0 0 0 1 0 0 0 0 54 40
98 1 0 0 0 0 1 0 0 0 0 54 40
96 1 1 9 8 -26 1 0 0 0 0 54 41
96 1 1 9 8 -26 1 0 0 0 0 54 41
94 1 1 6 11 -21 1 0 0 0 0 54 42
94 1 1 5 6 -19 1 0 0 0 0 54 42
94 1 1 4 10 -8 1 0 0 0 0 54 43
94 1 1 4 10 -8 1 0 0 0 0 54 43
98 1 1 2 9 17 1 0 0 0 0 54 44
98 1 1 2 9 17 1 0 0 0 0 54 44
93 1 1 3 8 10 1 0 0 0 0 54 45
93 1 1 3 8 10 1 0 0 0 0 54 45
94 1 0 0 0 0 1 0 0 0 0 54 46
94 1 0 0 0 0 1 0 0 0 0 54 46
94 1 0 0 0 0 1 0 0 0 0 54 47
94 1 0 0 0 0 1 0 0 0 0 54 47
94 1 0 0 0 0 1 0 0 0 0 54 48
96 1 0 0 0 0 1 0 0 0 0 54 48
96 1 0 0 0 0 1 0 0 0 0 54 48
93 1 0 0 0 0 1 0 0 0 0 54 49
93 1 0 0 0 0 1 0 0 0 0 54 49
93 1 0 0 0 0 1 0 0 0 0 54 50
93 1 0 0 0 0 1 0 0 0 0 54 50
93 1 0 0 0 0 1 0 0 0 0 54 51
93 1 0 0 0 0 1 0 0 0 0 54 51
93 1 0 0 0 0 1 0 0 0 0 54 52
97 1 0 0 0 0 1 0 0 0 0 54 52
93 1 0 0 0 0 1 0 0 0 0 54 53
93 1 0 0 0 0 1 0 0 0 0 54 53
93 1 0 0 0 0 1 0 0 0 0 54 54
93 1 0 0 0 0 1 0 0 0 0 54 54
93 1 0 0 0 0 1 0 0 0 0 54 55
93 1 0 0 0 0 1 0 0 0 0 54 55
93 1 0 0 0 0 1 0 0 0 0 54 56
93 1 0 0 0 0 1 0 0 0 0 54 56
93 1 0 0 0 0 1 0 0 0 0 54 56
93 1 0 0 0 0 1 0 0 0 0 54 57
93 1 0 0 0 0 1 0 0 0 0 54 57
93 1 0 0 0 0 1 0 0 0 0 54 58
93 1 0 0 0 0 1 0 0 0 0 54 58
91 1 0 0 0 0 1 0 0 0 0 54 59
91 1 0 0 0 0 1 0 0 0 0 54 59
91 1 0 0 0 0 1 0 0 0 0 55 0
96 1 0 0 0 0 1 0 0 0 0 55 0
96 1 0 0 0 0 1 0 0 0 0 55 1
90 1 0 0 0 0 1 0 0 0 0 55 1
90 1 0 0 0 0 1 0 0 0 0 55 2
91 1 0 0 0 0 1 0 0 0 0 55 2
91 1 0 0 0 0 1 0 0 0 0 55 3
90 1 0 0 0 0 1 0 0 0 0 55 3
90 1 0 0 0 0 1 0 0 0 0 55 4
94 1 0 0 0 0 1 0 0 0 0 55 4
94 1 0 0 0 0 1 0 0 0 0 55 5
94 1 0 0 0 0 1 0 0 0 0 55 5
88 1 0 0 0 0 1 0 0 0 0 55 5
88 1 0 0 0 0 1 0 0 0 0 55 6
90 1 0 0 0 0 1 0 0 0 0 55 6
90 1 0 0 0 0 1 0 0 0 0 55 7
88 1 0 0 0 0 1 0 0 0 0 55 7
88 1 0 0 0 0 1 0 0 0 0 55 8
91 1 0 0 0 0 1 0 0 0 0 55 8
87 1 0 0 0 0 1 0 0 0 0 55 9
87 1 0 0 0 0 1 0 0 0 0 55 9
87 1 0 0 0 0 1 0 0 0 0 55 10
85 1 0 0 0 0 1 0 0 0 0 55 10
85 1 0 0 0 0 1 0 0 0 0 55 11
85 1 0 0 0 0 1 0 0 0 0 55 11
90 1 0 0 0 0 1 0 0 0 0 55 12
90 1 0 0 0 0 1 0 0 0 0 55 12
90 1 0 0 0 0 1 0 0 0 0 55 13
84 1 0 0 0 0 1 0 0 0 0 55 13
84 1 0 0 0 0 1 0 0 0 0 55 14
85 1 0 0 0 0 1 0 0 0 0 55 14
85 1 0 0 0 0 1 0 0 0 0 55 14
87 1 0 0 0 0 1 0 0 0 0 55 15
87 1 0 0 0 0 1 0 0 0 0 55 15
88 1 0 0 0 0 1 0 0 0 0 55 16
88 1 0 0 0 0 1 0 0 0 0 55 16
85 1 0 0 0 0 1 0 0 0 0 55 17
85 1 0 0 0 0 1 0 0 0 0 55 17
85 1 0 0 0 0 1 0 0 0 0 55 18
85 1 0 0 0 0 1 0 0 0 0 55 18
85 1 0 0 0 0 1 0 0 0 0 55 19
85 1 0 0 0 0 1 0 0 0 0 55 19
85 1 0 0 0 0 1 0 0 0 0 55 20
88 1 1 23 20 -27 1 0 0 0 0 55 20
88 1 1 21 18 -27 1 0 0 0 0 55 21
84 1 1 17 21 -25 1 0 0 0 0 55 21
84 1 1 15 25 -25 1 0 0 0 0 55 21
85 1 1 12 21 -20 1 0 0 0 0 55 22
85 1 1 9 19 -16 1 0 0 0 0 55 22
84 1 1 7 21 -13 1 0 0 0 0 55 23
84 1 1 3 22 -2 1 0 0 0 0 55 23
87 1 1 3 19 8 1 0 0 0 0 55 24
87 1 1 3 17 14 1 0 0 0 0 55 24
87 1 1 3 17 14 1 0 0 0 0 55 25
83 1 0 0 0 0 1 0 0 0 0 55 25
83 1 0 0 0 0 1 0 0 0 0 55 26
83 1 0 0 0 0 1 0 0 0 0 55 26
81 1 0 0 0 0 1 0 0 0 0 55 27
81 1 0 0 0 0 1 0 0 0 0 55 27
85 1 0 0 0 0 1 0 0 0 0 55 28
85 1 0 0 0 0 1 0 0 0 0 55 28
81 1 0 0 0 0 1 0 0 0 0 55 29
81 1 0 0 0 0 1 0 0 0 0 55 29
81 1 0 0 0 0 1 0 0 0 0 55 30
81 1 0 0 0 0 1 0 0 0 0 55 30
81 1 0 0 0 0 1 0 0 0 0 55 31
81 1 0 0 0 0 1 0 0 0 0 55 31
84 1 0 0 0 0 1 0 0 0 0 55 32
84 1 0 0 0 0 1 0 0 0 0 55 32
84 1 0 0 0 0 1 1 10 18 -24 55 33
81 1 0 0 0 0 1 1 10 18 -24 55 33
81 1 0 0 0 0 1 1 10 18 -24 55 34
81 1 0 0 0 0 1 1 10 18 -24 55 34
81 1 0 0 0 0 1 1 2 22 2 55 35
81 1 0 0 0 0 1 1 3 23 2 55 35
81 1 0 0 0 0 1 1 0 23 0 55 35
85 1 0 0 0 0 1 1 0 23 0 55 36
85 1 0 0 0 0 1 1 0 23 0 55 36
81 1 0 0 0 0 1 1 0 23 0 55 37
81 1 0 0 0 0 1 1 0 23 0 55 37
81 1 0 0 0 0 1 1 0 23 0 55 38
83 1 0 0 0 0 1 1 0 23 0 55 38
83 1 1 14 24 -26 1 1 0 23 0 55 39
83 1 1 14 24 -26 1 1 0 23 0 55 39
87 1 1 8 22 -18 1 0 0 0 0 55 40
87 1 1 8 22 -18 1 0 0 0 0 55 40
83 1 1 2 28 6 1 0 0 0 0 55 41
83 1 1 3 16 12 1 0 0 0 0 55 41
84 1 1 2 26 19 1 0 0 0 0 55 42
84 1 0 0 0 0 1 0 0 0 0 55 42
84 1 0 0 0 0 1 0 0 0 0 55 43
84 1 0 0 0 0 1 0 0 0 0 55 43
87 1 0 0 0 0 1 0 0 0 0 55 44
87 1 0 0 0 0 1 0 0 0 0 55 44
87 1 0 0 0 0 1 0 0 0 0 55 45
84 1 0 0 0 0 1 0 0 0 0 55 45
84 1 0 0 0 0 1 0 0 0 0 55 45
83 1 0 0 0 0 1 0 0 0 0 55 46
83 1 0 0 0 0 1 0 0 0 0 55 46
84 1 0 0 0 0 1 0 0 0 0 55 47
84 1 0 0 0 0 1 0 0 0 0 55 47
85 1 0 0 0 0 1 0 0 0 0 55 48
85 1 0 0 0 0 1 0 0 0 0 55 48
85 1 0 0 0 0 1 0 0 0 0 55 49
83 1 0 0 0 0 1 0 0 0 0 55 49
83 1 0 0 0 0 1 0 0 0 0 55 50
84 1 0 0 0 0 1 0 0 0 0 55 50
84 1 0 0 0 0 1 0 0 0 0 55 51
83 1 0 0 0 0 1 0 0 0 0 55 51
83 1 0 0 0 0 1 0 0 0 0 55 52
87 1 0 0 0 0 1 0 0 0 0 55 52
87 1 0 0 0 0 1 0 0 0 0 55 53
83 1 0 0 0 0 1 0 0 0 0 55 53
83 1 0 0 0 0 1 0 0 0 0 55 54
84 1 0 0 0 0 1 0 0 0 0 55 54
84 1 0 0 0 0 1 0 0 0 0 55 55
84 1 0 0 0 0 1 0 0 0 0 55 55
84 1 0 0 0 0 1 0 0 0 0 55 55
87 1 0 0 0 0 1 0 0 0 0 55 56
87 1 0 0 0 0 1 0 0 0 0 55 56
83 1 1 21 18 -26 1 0 0 0 0 55 57
83 1 1 18 18 -24 1 0 0 0 0 55 57
84 1 1 16 17 -24 1 0 0 0 0 55 58
84 1 1 12 17 -21 1 0 0 0 0 55 58
85 1 1 10 18 -19 1 0 0 0 0 55 59
85 1 1 6 19 -14 1 0 0 0 0 55 59
87 1 1 6 17 -12 1 0 0 0 0 56 0
87 1 1 4 18 -4 1 0 0 0 0 56 0
84 1 1 4 20 21 1 0 0 0 0 56 1
84 1 1 3 22 20 1 0 0 0 0 56 1
85 1 1 3 14 16 1 0 0 -127 -127 56 2
85 1 1 3 14 16 1 0 0 -127 -127 56 2
85 1 1 18 20 -25 1 0 0 0 0 56 3
85 1 1 18 20 -25 1 0 0 0 0 56 3
85 1 1 15 21 -22 1 0 0 0 0 56 3
90 1 1 10 20 -20 1 0 0 0 0 56 4
90 1 1 8 19 -17 1 0 0 0 0 56 4
85 1 1 6 18 -12 1 0 0 0 0 56 5
85 1 1 4 22 -9 1 0 0 0 0 56 5
85 1 1 2 21 0 1 0 0 0 0 56 6
88 1 1 3 21 7 1 0 0 0 0 56 6
87 1 1 2 12 7 1 0 0 0 0 56 7
87 1 1 2 12 7 1 0 0 0 0 56 7
91 1 0 0 0 0 1 0 0 0 0 56 8
91 1 0 0 0 0 1 0 0 0 0 56 8
91 1 0 0 0 0 1 0 0 0 0 56 9
88 1 0 0 0 0 1 0 0 0 0 56 9
88 1 0 0 0 0 1 0 0 0 0 56 10
90 1 0 0 0 0 1 0 0 0 0 56 10
90 1 0 0 0 0 1 0 0 0 0 56 11
90 1 1 22 15 -28 1 0 0 0 0 56 11
90 1 1 21 15 -27 1 0 0 0 0 56 11
93 1 1 20 16 -27 1 0 0 0 0 56 12
93 1 1 17 13 -26 1 0 0 0 0 56 12
90 1 1 15 16 -23 1 0 0 0 0 56 13
90 1 1 13 17 -22 1 0 0 0 0 56 13
91 1 1 9 15 -19 1 0 0 0 0 56 14
91 1 1 8 15 -17 1 0 0 0 0 56 14
90 1 1 5 15 -10 1 0 0 0 0 56 15
90 1 1 4 16 -4 1 0 0 0 0 56 15
94 1 1 3 8 15 1 0 0 0 0 56 16
94 1 1 3 15 17 1 0 0 0 0 56 16
91 1 1 3 16 19 1 0 0 0 0 56 17
91 1 0 0 0 0 1 0 0 0 0 56 17
90 1 0 0 0 0 1 0 0 0 0 56 18
90 1 1 23 25 -27 1 0 0 0 0 56 18
90 1 1 21 26 -27 1 0 0 0 0 56 19
91 1 1 21 26 -26 1 0 0 0 0 56 19
91 1 1 15 22 -25 1 0 0 0 0 56 20
96 1 1 10 21 -22 1 0 0 0 0 56 20
96 1 1 8 21 -18 1 0 0 0 0 56 21
91 1 1 5 23 -10 1 0 0 0 0 56 21
91 1 1 4 21 -1 1 0 0 0 0 56 22
91 1 1 2 25 11 1 0 0 0 0 56 22
91 1 1 3 12 13 1 0 0 0 0 56 22
93 1 1 2 6 6 1 0 0 0 0 56 23
93 1 0 0 0 0 1 0 0 0 0 56 23
96 1 0 0 0 0 1 0 0 0 0 56 24
96 1 0 0 0 0 1 0 0 0 0 56 24
96 1 0 0 0 0 1 0 0 0 0 56 25
91 1 0 0 0 0 1 0 0 0 0 56 25
93 1 0 0 0 0 1 0 0 0 0 56 26
93 1 0 0 0 0 1 0 0 0 0 56 26
93 1 0 0 0 0 1 0 0 0 0 56 27
93 1 0 0 0 0 1 0 0 0 0 56 27
93 1 0 0 0 0 1 0 0 0 0 56 28
93 1 0 0 0 0 1 0 0 0 0 56 28
93 1 0 0 0 0 1 0 0 0 0 56 29
93 1 0 0 0 0 1 0 0 0 0 56 29
93 1 0 0 0 0 1 0 0 0 0 56 30
93 1 0 0 0 0 1 0 0 0 0 56 30
94 1 0 0 0 0 1 0 0 0 0 56 30
93 1 0 0 0 0 1 0 0 0 0 56 31
93 1 0 0 0 0 1 0 0 0 0 56 31
97 1 0 0 0 0 1 0 0 0 0 56 32
97 1 0 0 0 0 1 0 0 0 0 56 32
94 1 0 0 0 0 1 0 0 0 0 56 33
94 1 0 0 0 0 1 0 0 0 0 56 33
96 1 0 0 0 0 1 0 0 0 0 56 34
96 1 0 0 0 0 1 0 0 0 0 56 34
96 1 0 0 0 0 1 0 0 0 0 56 35
96 1 0 0 0 0 1 0 0 0 0 56 35
96 1 0 0 0 0 1 0 0 0 0 56 36
98 1 0 0 0 0 1 0 0 0 0 56 36
96 1 0 0 0 0 1 0 0 0 0 56 37
96 1 0 0 0 0 1 0 0 0 0 56 37
96 1 0 0 0 0 1 0 0 0 0 56 38
94 1 0 0 0 0 1 0 0 0 0 56 38
94 1 0 0 0 0 1 0 0 0 0 56 39
96 1 0 0 0 0 1 0 0 0 0 56 39
96 1 0 0 0 0 1 0 0 0 0 56 39
97 1 0 0 0 0 1 0 0 0 0 56 40
97 1 0 0 0 0 1 0 0 0 0 56 40
94 1 0 0 0 0 1 0 0 0 0 56 41
94 1 0 0 0 0 1 0 0 0 0 56 41
94 1 0 0 0 0 1 0 0 0 0 56 42
94 1 0 0 0 0 1 0 0 0 0 56 42
94 1 0 0 0 0 1 0 0 0 0 56 43
93 1 0 0 0 0 1 0 0 0 0 56 43
97 1 0 0 0 0 1 0 0 0 0 56 44
97 1 0 0 0 0 1 0 0 0 0 56 44
97 1 0 0 0 0 1 0 0 0 0 56 45
93 1 0 0 0 0 1 0 0 0 0 56 45
93 1 0 0 0 0 1 0 0 0 0 56 46
91 1 0 0 0 0 1 0 0 0 0 56 46
91 1 0 0 0 0 1 0 0 0 0 56 47
93 1 0 0 0 0 1 0 0 0 0 56 47
93 1 0 0 0 0 1 0 0 0 0 56 48
94 1 0 0 0 0 1 0 0 0 0 56 48
94 1 0 0 0 0 1 0 0 0 0 56 48
94 1 0 0 0 0 1 0 0 0 0 56 49
91 1 0 0 0 0 1 0 0 0 0 56 49
91 1 0 0 0 0 1 0 0 0 0 56 50
91 1 0 0 0 0 1 0 0 0 0 56 50
91 1 0 0 0 0 1 0 0 0 0 56 51
91 1 0 0 0 0 1 0 0 0 0 56 51
91 1 0 0 0 0 1 0 0 0 0 56 52
91 1 0 0 0 0 1 0 0 0 0 56 52
94 1 0 0 0 0 1 0 0 0 0 56 53
91 1 0 0 0 0 1 0 0 0 0 56 53
91 1 0 0 0 0 1 0 0 0 0 56 54
91 1 0 0 0 0 1 0 0 0 0 56 54
93 1 0 0 0 0 1 0 0 0 0 56 55
93 1 0 0 0 0 1 0 0 0 0 56 55
93 1 0 0 0 0 1 0 0 0 0 56 56
93 1 0 0 0 0 1 0 0 0 0 56 56
93 1 0 0 0 0 1 0 0 0 0 56 57
93 1 0 0 0 0 1 0 0 0 0 56 57
93 1 0 0 0 0 1 0 0 0 0 56 57
94 1 0 0 0 0 1 0 0 0 0 56 58
94 1 0 0 0 0 1 0 0 0 0 56 58
94 1 0 0 0 0 1 0 0 0 0 56 59
94 1 0 0 0 0 1 0 0 0 0 56 59
97 1 0 0 0 0 1 0 0 0 0 57 0
97 1 0 0 0 0 1 0 0 0 0 57 0
93 1 0 0 0 0 1 0 0 0 0 57 1
93 1 0 0 0 0 1 0 0 0 0 57 1
93 1 0 0 0 0 1 0 0 0 0 57 2
93 1 0 0 0 0 1 0 0 0 0 57 2
93 1 0 0 0 0 1 0 0 0 0 57 3
91 1 0 0 0 0 1 0 0 0 0 57 3
96 1 0 0 0 0 1 0 0 0 0 57 4
96 1 0 0 0 0 1 0 0 0 0 57 4
96 1 0 0 0 0 1 0 0 0 0 57 5
90 1 0 0 0 0 1 0 0 0 0 57 5
90 1 0 0 0 0 1 0 0 0 0 57 6
90 1 0 0 0 0 1 0 0 0 0 57 6
90 1 0 0 0 0 1 0 0 0 0 57 6
88 1 1 19 20 -27 1 0 0 0 0 57 7
91 1 1 15 20 -25 1 0 0 0 0 57 8
87 1 1 8 22 -20 1 0 0 0 0 57 9
88 1 1 3 25 4 1 0 0 0 0 57 10
85 1 1 3 21 15 1 0 0 0 0 57 11
88 1 0 0 0 0 1 0 0 0 0 57 12
84 1 0 0 0 0 1 0 0 0 0 57 14
84 1 0 0 0 0 1 0 0 0 0 57 15
84 1 0 0 0 0 1 0 0 0 0 57 16
84 1 0 0 0 0 1 0 0 0 0 57 17
84 1 0 0 0 0 1 0 0 0 0 57 18
84 1 0 0 0 0 1 0 0 0 0 57 19
88 1 1 20 33 -26 1 0 0 0 0 57 20
84 1 1 9 33 -17 1 0 0 0 0 57 21
87 1 1 3 32 8 1 0 0 0 0 57 22
87 1 1 3 37 15 1 0 0 0 0 57 22
85 1 0 0 0 0 1 0 0 0 0 57 23
85 1 1 22 33 -26 1 0 0 0 0 57 23
90 1 1 16 28 -24 1 0 0 0 0 57 24
90 1 1 13 27 -21 1 0 0 0 0 57 24
87 1 1 9 27 -15 1 0 0 0 0 57 25
87 1 1 6 26 -10 1 0 0 0 0 57 25
87 1 1 4 28 5 1 0 0 0 0 57 26
87 1 1 3 46 17 1 0 0 0 0 57 26
87 1 0 0 0 0 1 0 0 0 0 57 27
88 1 0 0 0 0 1 0 0 0 0 57 27
88 1 0 0 0 0 1 0 0 0 0 57 28
91 1 0 0 0 0 1 0 0 0 0 57 28
91 1 0 0 0 0 1 0 0 0 0 57 29
87 1 0 0 0 0 1 0 0 0 0 57 29
87 1 0 0 0 0 1 0 0 0 0 57 29
87 1 0 0 0 0 1 0 0 0 0 57 30
90 1 0 0 0 0 1 0 0 0 0 57 30
90 1 0 0 0 0 1 0 0 0 0 57 31
90 1 0 0 0 0 1 0 0 0 0 57 31
91 1 0 0 0 0 1 0 0 0 0 57 32
91 1 0 0 0 0 1 0 0 0 0 57 32
87 1 0 0 0 0 1 0 0 0 0 57 33
87 1 0 0 0 0 1 0 0 0 0 57 33
87 1 0 0 0 0 1 0 0 0 0 57 34
87 1 0 0 0 0 1 0 0 0 0 57 34
87 1 0 0 0 0 1 0 0 0 0 57 35
85 1 0 0 0 0 1 0 0 0 0 57 35
88 1 0 0 0 0 1 0 0 0 0 57 36
88 1 0 0 0 0 1 0 0 0 0 57 36
88 1 0 0 0 0 1 0 0 0 0 57 37
88 1 0 0 0 0 1 0 0 0 0 57 37
84 1 0 0 0 0 1 0 0 0 0 57 38
84 1 0 0 0 0 1 0 0 0 0 57 38
84 1 0 0 0 0 1 0 0 0 0 57 38
84 1 0 0 0 0 1 0 0 0 0 57 39
84 1 0 0 0 0 1 0 0 0 0 57 39
85 1 0 0 0 0 1 0 0 0 0 57 40
85 1 0 0 0 0 1 0 0 0 0 57 40
85 1 0 0 0 0 1 0 0 0 0 57 41
81 1 0 0 0 0 1 0 0 0 0 57 41
81 1 0 0 0 0 1 0 0 0 0 57 42
81 1 0 0 0 0 1 0 0 0 0 57 42
81 1 0 0 0 0 1 0 0 0 0 57 43
80 1 0 0 0 0 1 0 0 0 0 57 43
80 1 0 0 0 0 1 0 0 0 0 57 44
83 1 0 0 0 0 1 0 0 0 0 57 44
83 1 0 0 0 0 1 0 0 0 0 57 44
80 1 0 0 0 0 1 0 0 0 0 57 45
80 1 0 0 0 0 1 0 0 0 0 57 45
78 1 0 0 0 0 1 0 0 0 0 57 46
78 1 0 0 0 0 1 0 0 0 0 57 46
80 1 1 20 34 -27 1 0 0 0 0 57 47
80 1 1 16 34 -25 1 0 0 0 0 57 47
84 1 1 11 33 -21 1 0 0 0 0 57 48
84 1 1 11 33 -21 1 0 0 0 0 57 48
84 1 1 3 38 4 1 0 0 0 0 57 49
84 1 1 3 38 4 1 0 0 0 0 57 49
80 1 0 0 0 0 1 0 0 0 0 57 50
83 1 0 0 0 0 1 0 0 0 0 57 50
83 1 0 0 0 0 1 0 0 0 0 57 50
83 1 0 0 0 0 1 0 0 0 0 57 51
83 1 0 0 0 0 1 0 0 0 0 57 51
85 1 1 21 31 -26 1 0 0 0 0 57 52
85 1 1 17 30 -24 1 0 0 0 0 57 52
84 1 1 13 32 -22 1 0 0 0 0 57 53
84 1 1 11 30 -19 1 0 0 0 0 57 53
84 1 1 6 28 -10 1 0 0 0 0 57 54
84 1 1 4 28 1 1 0 0 0 0 57 54
85 1 1 4 29 12 1 0 0 0 0 57 55
85 1 1 4 29 12 1 0 0 0 0 57 55
85 1 0 0 0 0 1 0 0 0 0 57 56
88 1 1 24 31 -28 1 0 0 0 0 57 56
88 1 1 21 31 -26 1 0 0 0 0 57 57
87 1 1 16 32 -26 1 0 0 0 0 57 57
87 1 1 16 32 -26 1 0 0 0 0 57 57
87 1 1 10 31 -20 1 0 0 0 0 57 58
87 1 1 7 31 -14 1 0 0 0 0 57 58
88 1 1 3 38 2 1 0 0 0 0 57 59
88 1 1 3 32 10 1 0 0 0 0 57 59
91 1 0 0 0 0 1 0 0 0 0 58 0
91 1 0 0 0 0 1 0 0 0 0 58 0
90 1 0 0 0 0 1 0 0 0 0 58 1
90 1 0 0 0 0 1 0 0 0 0 58 1
90 1 0 0 0 0 1 0 0 0 0 58 2
90 1 0 0 0 0 1 0 0 0 0 58 2
90 1 0 0 0 0 1 0 0 0 0 58 3
90 1 0 0 0 0 1 0 0 0 0 58 3
90 1 0 0 0 0 1 0 0 0 0 58 3
94 1 0 0 0 0 1 0 0 0 0 58 4
94 1 0 0 0 0 1 0 0 0 0 58 4
91 1 0 0 0 0 1 0 0 0 0 58 5
91 1 1 20 20 -27 1 0 0 0 0 58 5
91 1 1 18 19 -26 1 0 0 0 0 58 6
91 1 1 16 20 -25 1 0 0 0 0 58 6
91 1 1 16 20 -25 1 0 0 0 0 58 7
91 1 1 10 22 -17 1 0 0 0 0 58 7
96 1 1 6 21 -9 1 0 0 0 0 58 8
96 1 1 5 20 -3 1 0 0 0 0 58 8
91 1 1 3 17 17 1 0 0 0 0 58 9
91 1 1 2 28 19 1 0 0 0 0 58 9
91 1 1 2 28 19 1 0 0 0 0 58 10
91 1 0 0 0 0 1 0 0 0 0 58 10
91 1 0 0 0 0 1 0 0 0 0 58 11
93 1 1 18 24 -27 1 0 0 0 0 58 11
93 1 1 18 24 -27 1 0 0 0 0 58 12
94 1 1 14 25 -25 1 0 0 0 0 58 12
94 1 1 9 26 -18 1 0 0 0 0 58 12
91 1 1 5 30 -7 1 0 0 0 0 58 13
91 1 1 3 26 6 1 0 0 0 0 58 13
90 1 1 3 26 15 1 0 0 0 0 58 14
90 1 1 3 26 15 1 0 0 0 0 58 14
91 1 0 0 0 0 1 0 0 0 0 58 15
91 1 1 14 33 -20 1 0 0 0 0 58 15
93 1 1 10 36 -18 1 0 0 0 0 58 16
93 1 1 7 37 -14 1 0 0 0 0 58 16
90 1 1 3 38 4 1 0 0 0 0 58 17
90 1 0 0 0 0 1 0 0 0 0 58 17
90 1 0 0 0 0 1 0 0 0 0 58 18
90 1 0 0 0 0 1 0 0 0 0 58 18
90 1 0 0 0 0 1 0 0 0 0 58 19
90 1 0 0 0 0 1 0 0 0 0 58 19
90 1 0 0 0 0 1 0 0 0 0 58 20
93 1 0 0 0 0 1 0 0 0 0 58 20
93 1 0 0 0 0 1 0 0 0 0 58 20
88 1 0 0 0 0 1 0 0 0 0 58 21
88 1 0 0 0 0 1 0 0 0 0 58 21
90 1 0 0 0 0 1 0 0 0 0 58 22
90 1 0 0 0 0 1 0 0 0 0 58 22
90 1 0 0 0 0 1 0 0 0 0 58 23
90 1 0 0 0 0 1 0 0 0 0 58 23
93 1 1 24 22 -30 1 0 0 0 0 58 24
93 1 1 24 22 -30 1 0 0 0 0 58 24
93 1 1 24 22 -30 1 0 0 0 0 58 25
90 1 0 0 0 0 1 0 0 0 0 58 25
90 1 0 0 0 0 1 0 0 0 0 58 26
91 1 1 22 21 -27 1 0 0 0 0 58 26
91 1 1 22 21 -27 1 0 0 0 0 58 27
91 1 1 20 18 -26 1 0 0 0 0 58 27
91 1 1 18 18 -25 1 0 0 0 0 58 28
96 1 1 14 17 -21 1 0 0 0 0 58 28
91 1 1 11 18 -20 1 0 0 0 0 58 29
91 1 1 9 18 -18 1 0 0 0 0 58 29
91 1 1 8 18 -16 1 0 0 0 0 58 30
93 1 1 5 19 -7 1 0 0 0 0 58 30
93 1 1 2 21 9 1 0 0 0 0 58 30
91 1 1 4 18 9 1 0 0 0 0 58 31
96 1 1 3 9 21 1 0 0 0 0 58 31
96 1 1 3 9 21 1 0 0 0 0 58 32
96 1 1 21 16 -27 1 0 0 0 0 58 32
91 1 1 19 15 -27 1 0 0 0 0 58 33
91 1 1 16 15 -26 1 0 0 0 0 58 33
91 1 1 14 17 -23 1 0 0 0 0 58 34
91 1 1 13 17 -21 1 0 0 0 0 58 34
93 1 1 9 17 -16 1 0 0 0 0 58 35
93 1 1 7 18 -13 1 0 0 0 0 58 35
96 1 1 5 18 -5 1 0 0 0 0 58 36
96 1 1 5 17 3 1 0 0 0 0 58 36
96 1 1 5 17 3 1 0 0 0 0 58 37
93 1 1 3 19 18 1 0 0 0 0 58 37
93 1 1 3 19 20 1 0 0 0 0 58 38
93 1 1 3 19 20 1 0 0 0 0 58 38
93 1 0 0 0 0 1 0 0 0 0 58 39
94 1 0 0 0 0 1 0 0 0 0 58 39
94 1 0 0 0 0 1 0 0 0 0 58 39
98 1 0 0 0 0 1 0 0 0 0 58 40
98 1 0 0 0 0 1 0 0 0 0 58 40
94 1 0 0 0 0 1 0 0 0 0 58 41
94 1 0 0 0 0 1 0 0 0 0 58 41
97 1 0 0 0 0 1 0 0 0 0 58 42
97 1 1 17 19 -24 1 0 0 0 0 58 42
97 1 1 16 19 -24 1 0 0 0 0 58 43
97 1 1 12 18 -20 1 0 0 0 0 58 43
97 1 1 12 18 -20 1 0 0 0 0 58 44
103 1 1 6 18 -13 1 0 0 0 0 58 44
103 1 1 6 17 -8 1 0 0 0 0 58 45
103 1 1 6 17 -8 1 0 0 0 0 58 45
97 1 1 2 17 17 1 0 0 0 0 58 45
98 1 1 2 17 17 1 0 0 0 0 58 46
98 1 1 3 7 15 1 0 0 0 0 58 46
100 1 1 3 7 15 1 0 0 0 0 58 47
100 1 0 0 0 0 1 0 0 0 0 58 47
103 1 0 0 0 0 1 0 0 0 0 58 48
103 1 0 0 0 0 1 0 0 0 0 58 48
98 1 0 0 0 0 1 0 0 0 0 58 49
98 1 0 0 0 0 1 0 0 0 0 58 49
100 1 1 18 20 -25 1 0 0 0 0 58 50
100 1 1 16 21 -24 1 0 0 0 0 58 50
100 1 1 14 19 -21 1 0 0 0 0 58 51
100 1 1 10 21 -20 1 0 0 0 0 58 51
103 1 1 7 20 -14 1 0 0 0 0 58 52
103 1 1 6 20 -10 1 0 0 0 0 58 52
100 1 1 3 22 6 1 0 0 0 0 58 53
100 1 1 3 25 13 1 0 0 0 0 58 53
100 1 1 3 14 8 1 0 0 0 0 58 54
100 1 1 3 14 8 1 0 0 0 0 58 54
100 1 0 0 0 0 1 0 0 0 0 58 55
100 1 0 0 0 0 1 0 0 0 0 58 55
103 1 0 0 0 0 1 0 0 0 0 58 56
103 1 0 0 0 0 1 0 0 0 0 58 56
103 1 0 0 0 0 1 0 0 0 0 58 56
103 1 0 0 0 0 1 0 0 0 0 58 57
100 1 0 0 0 0 1 0 0 0 0 58 58
103 1 0 0 0 0 1 0 0 0 0 59 0
100 1 0 0 0 0 1 0 0 0 0 59 2
100 1 0 0 0 0 1 0 0 0 0 59 3
103 1 0 0 0 0 1 0 0 0 0 59 4
100 1 0 0 0 0 1 0 0 0 0 59 5
100 1 0 0 0 0 1 0 0 0 0 59 5
101 1 0 0 0 0 1 0 0 0 0 59 6
101 1 0 0 0 0 1 0 0 0 0 59 6
100 1 0 0 0 0 1 0 0 0 0 59 7
100 1 0 0 0 0 1 0 0 0 0 59 7
106 1 0 0 0 0 1 0 0 0 0 59 8
106 1 0 0 0 0 1 0 0 0 0 59 8
101 1 0 0 0 0 1 0 0 0 0 59 9
101 1 0 0 0 0 1 0 0 0 0 59 9
101 1 0 0 0 0 1 0 0 0 0 59 9
101 1 0 0 0 0 1 0 0 0 0 59 10
101 1 1 15 11 -23 1 0 0 0 0 59 10
103 1 1 16 10 -23 1 0 0 0 0 59 11
103 1 1 14 9 -20 1 0 0 0 0 59 11
107 1 1 14 9 -18 1 0 0 0 0 59 12
107 1 1 11 8 -17 1 0 0 0 0 59 12
104 1 1 11 7 -16 1 0 0 0 0 59 13
104 1 1 9 7 -14 1 0 0 0 0 59 13
103 1 1 9 7 -13 1 0 0 0 0 59 14
103 1 1 8 7 -9 1 0 0 0 0 59 14
103 1 1 8 7 -9 1 0 0 0 0 59 15
103 1 1 8 7 -9 1 0 0 0 0 59 15
108 1 1 5 8 -2 1 0 0 0 0 59 16
108 1 1 7 7 -5 1 0 0 0 0 59 16
104 1 1 6 8 -6 1 0 0 0 0 59 17
104 1 1 5 8 -4 1 0 0 0 0 59 17
106 1 1 4 5 3 1 0 0 0 0 59 18
106 1 1 4 5 5 1 0 0 0 0 59 18
106 1 1 3 7 10 1 0 0 0 0 59 18
106 1 1 3 4 20 1 0 0 0 0 59 19
106 1 1 3 5 24 1 0 0 0 0 59 19
110 1 1 3 2 16 1 0 0 0 0 59 20
110 1 1 3 2 16 1 0 0 0 0 59 20
104 1 0 0 0 0 1 0 0 0 0 59 21
104 1 0 0 0 0 1 0 0 0 0 59 21
106 1 0 0 0 0 1 0 0 0 0 59 22
106 1 0 0 0 0 1 0 0 0 0 59 22
104 1 0 0 0 0 1 0 0 0 0 59 23
104 1 0 0 0 0 1 0 0 0 0 59 23
110 1 0 0 0 0 1 0 0 0 0 59 24
110 1 0 0 0 0 1 0 0 0 0 59 24
110 1 0 0 0 0 1 0 0 0 0 59 25
104 1 0 0 0 0 1 0 0 0 0 59 25
104 1 0 0 0 0 1 0 0 0 0 59 26
104 1 0 0 0 0 1 0 0 0 0 59 26
104 1 0 0 0 0 1 0 0 0 0 59 26
104 1 0 0 0 0 1 0 0 0 0 59 27
104 1 0 0 0 0 1 0 0 0 0 59 27
108 1 0 0 0 0 1 0 0 0 0 59 28
108 1 0 0 0 0 1 0 0 0 0 59 28
101 1 0 0 0 0 1 0 0 0 0 59 29
101 1 0 0 0 0 1 0 0 0 0 59 29
101 1 0 0 0 0 1 0 0 0 0 59 30
103 1 0 0 0 0 1 0 0 0 0 59 30
103 1 0 0 0 0 1 0 0 0 0 59 31
101 1 0 0 0 0 1 0 0 0 0 59 31
101 1 0 0 0 0 1 0 0 0 0 59 32
106 1 0 0 0 0 1 0 0 0 0 59 32
100 1 0 0 0 0 1 0 0 0 0 59 33
100 1 0 0 0 0 1 0 0 0 0 59 33
103 1 0 0 0 0 1 0 0 0 0 59 34
103 1 0 0 0 0 1 0 0 0 0 59 34
103 1 0 0 0 0 1 0 0 0 0 59 35
103 1 0 0 0 0 1 0 0 0 0 59 35
107 1 0 0 0 0 1 0 0 0 0 59 35
107 1 0 0 0 0 1 0 0 0 0 59 36
107 1 0 0 0 0 1 0 0 0 0 59 36
101 1 0 0 0 0 1 0 0 0 0 59 37
101 1 1 21 10 -26 1 0 0 0 0 59 37
103 1 0 0 0 0 1 0 0 0 0 59 38
103 1 1 19 10 -26 1 0 0 0 0 59 38
104 1 1 18 10 -26 1 0 0 0 0 59 39
104 1 1 15 10 -23 1 0 0 0 0 59 39
107 1 1 15 10 -23 1 0 0 0 0 59 40
107 1 1 14 11 -22 1 0 0 0 0 59 40
103 1 1 13 11 -20 1 0 0 0 0 59 41
103 1 1 11 10 -19 1 0 0 0 0 59 41
104 1 1 9 11 -17 1 0 0 0 0 59 42
104 1 1 8 11 -15 1 0 0 0 0 59 42
104 1 1 6 11 -11 1 0 0 0 0 59 43
104 1 1 5 11 -9 1 0 0 0 0 59 43
107 1 1 4 11 0 1 0 0 0 0 59 44
107 1 1 3 12 5 1 0 0 0 0 59 44
101 1 1 3 18 17 1 0 0 0 0 59 44
101 1 1 3 15 19 1 0 0 0 0 59 45
103 1 1 2 13 15 1 0 0 0 0 59 45
103 1 1 2 13 15 1 0 0 0 0 59 46
103 1 0 0 0 0 1 0 0 0 0 59 46
101 1 0 0 0 0 1 0 0 0 0 59 47
101 1 0 0 0 0 1 0 0 0 0 59 47
104 1 0 0 0 0 1 0 0 0 0 59 48
104 1 0 0 0 0 1 0 0 0 0 59 48
104 1 0 0 0 0 1 0 0 0 0 59 49
101 1 0 0 0 0 1 0 0 0 0 59 49
101 1 0 0 0 0 1 0 0 0 0 59 50
101 1 0 0 0 0 1 0 0 0 0 59 50
101 1 0 0 0 0 1 0 0 0 0 59 51
101 1 0 0 0 0 1 0 0 0 0 59 52
101 1 0 0 0 0 1 0 0 0 0 59 53
101 1 1 22 23 -28 1 0 0 0 0 59 55
106 1 1 15 21 -22 1 0 0 0 0 59 56
101 1 1 4 17 0 1 0 0 0 0 59 58
101 1 1 2 26 12 1 0 0 0 0 59 58
101 1 1 2 20 6 1 0 0 0 0 59 59
106 1 1 2 14 11 1 0 0 0 0 59 59
106 1 1 2 14 11 1 0 0 0 0 0 0
106 1 0 0 0 0 1 0 0 0 0 0 0
100 1 0 0 0 0 1 0 0 0 0 0 1
100 1 0 0 0 0 1 0 0 0 0 0 1
100 1 0 0 0 0 1 0 0 0 0 0 2
100 1 0 0 0 0 1 0 0 0 0 0 2
101 1 0 0 0 0 1 0 0 0 0 0 3
101 1 0 0 0 0 1 0 0 0 0 0 3
103 1 0 0 0 0 1 0 0 0 0 0 4
103 1 0 0 0 0 1 0 0 0 0 0 4
103 1 0 0 0 0 1 0 0 0 0 0 5
100 1 0 0 0 0 1 0 0 0 0 0 5
100 1 0 0 0 0 1 0 0 0 0 0 5
100 1 0 0 0 0 1 0 0 0 0 0 6
100 1 0 0 0 0 1 0 0 0 0 0 6
98 1 0 0 0 0 1 0 0 0 0 0 7
98 1 0 0 0 0 1 0 0 0 0 0 7
103 1 0 0 0 0 1 0 0 0 0 0 8
103 1 0 0 0 0 1 0 0 0 0 0 8
98 1 0 0 0 0 1 0 0 0 0 0 9
98 1 0 0 0 0 1 0 0 0 0 0 9
97 1 0 0 0 0 1 0 0 0 0 0 10
97 1 0 0 0 0 1 0 0 0 0 0 10
98 1 0 0 0 0 1 0 0 0 0 0 11
98 1 0 0 0 0 1 0 0 0 0 0 11
98 1 0 0 0 0 1 0 0 0 0 0 12
101 1 0 0 0 0 1 0 0 0 0 0 12
101 1 0 0 0 0 1 0 0 0 0 0 13
96 1 0 0 0 0 1 0 0 0 0 0 13
96 1 0 0 0 0 1 0 0 0 0 0 14
97 1 0 0 0 0 1 0 0 0 0 0 14
97 1 0 0 0 0 1 0 0 0 0 0 15
96 1 0 0 0 0 1 0 0 0 0 0 15
96 1 0 0 0 0 1 0 0 0 0 0 15
98 1 0 0 0 0 1 0 0 0 0 0 16
98 1 0 0 0 0 1 0 0 0 0 0 16
94 1 0 0 0 0 1 0 0 0 0 0 17
94 1 0 0 0 0 1 0 0 0 0 0 17
94 1 0 0 0 0 1 0 0 0 0 0 18
94 1 0 0 0 0 1 0 0 0 0 0 18
94 1 0 0 0 0 1 0 0 0 0 0 19
94 1 0 0 0 0 1 0 0 0 0 0 19
96 1 0 0 0 0 1 0 0 0 0 0 20
96 1 0 0 0 0 1 0 0 0 0 0 20
93 1 0 0 0 0 1 0 0 0 0 0 21
93 1 0 0 0 0 1 0 0 0 0 0 21
93 1 0 0 0 0 1 0 0 0 0 0 22
93 1 0 0 0 0 1 0 0 0 0 0 22
93 1 0 0 0 0 1 0 0 0 0 0 22
93 1 0 0 0 0 1 0 0 0 0 0 23
93 1 0 0 0 0 1 0 0 0 0 0 23
96 1 0 0 0 0 1 0 0 0 0 0 24
96 1 0 0 0 0 1 0 0 0 0 0 24
93 1 0 0 0 0 1 0 0 0 0 0 25
91 1 0 0 0 0 1 0 0 0 0 0 26
94 1 0 0 0 0 1 0 0 0 0 0 27
93 1 0 0 0 0 1 0 0 0 0 0 29
96 1 1 23 14 -29 1 0 0 0 0 0 30
100 1 1 17 13 -26 1 0 0 0 0 0 32
100 1 1 16 13 -25 1 0 0 0 0 0 32
94 1 1 13 14 -21 1 0 0 0 0 0 33
94 1 1 13 14 -21 1 0 0 0 0 0 33
97 1 1 10 14 -18 1 0 0 0 0 0 34
97 1 1 7 15 -14 1 0 0 0 0 0 34
96 1 1 6 16 -10 1 0 0 0 0 0 35
100 1 1 3 18 5 1 0 0 0 0 0 36
96 1 1 3 6 11 1 0 0 0 0 0 37
96 1 0 0 0 0 1 0 0 0 0 0 39
100 1 0 0 0 0 1 0 0 0 0 0 40
96 1 1 4 23 -5 1 0 0 0 0 0 42
96 1 1 3 21 9 1 0 0 0 0 0 42
97 1 1 3 9 5 1 0 0 0 0 0 43
97 1 1 3 9 5 1 0 0 0 0 0 43
100 1 0 0 0 0 1 0 0 0 0 0 44
100 1 1 19 18 -25 1 0 0 0 0 0 44
100 1 1 18 18 -25 1 0 0 0 0 0 44
96 1 1 16 17 -24 1 0 0 0 0 0 45
97 1 1 10 18 -19 1 0 0 0 0 0 46
103 1 1 4 13 5 1 0 0 0 0 0 48
98 1 1 3 22 23 1 0 0 0 0 0 49
100 1 0 0 0 0 1 0 0 0 0 0 51
104 1 0 0 0 0 1 0 0 0 0 0 52
104 1 0 0 0 0 1 0 0 0 0 0 52
98 1 0 0 0 0 1 0 0 0 0 0 53
98 1 0 0 0 0 1 0 0 0 0 0 53
98 1 0 0 0 0 1 0 0 0 0 0 54
101 1 0 0 0 0 1 0 0 0 0 0 54
100 1 0 0 0 0 1 0 0 0 0 0 55
100 1 0 0 0 0 1 0 0 0 0 0 55
104 1 0 0 0 0 1 0 0 0 0 0 56
104 1 0 0 0 0 1 0 0 0 0 0 56
100 1 0 0 0 0 1 0 0 0 0 0 57
100 1 0 0 0 0 1 0 0 0 0 0 57
