1.08
-0
-75.5919
-42.2081
-31.4844
-29.5238
1.188
-0
-62.0016
1.188
-0
-36.2875
-35.5251
-54.2367
-30.4066
-19.4964
-41.331
-27.5977
-25.1501
-36.3694
-29.4311
-31.0457
-37.2592
-31.5687
-31.3726
-29.1094
-25.2484
-30.2557
-32.3284
-31.4783
-30.3188
-33.2655
-32.2396
-28.3373
-29.8818
1.188
-15.2443
-0
-38.0425
-107.155
-36.1251
-33.7813
-32.9684
-39.1929
-31.5238
-33.9941
-32.5687
-29.7528
-32.8428
-33.0144
29.0174
-24.5947
1.188
3.06
-0
-38.0446
-23.2605
-47.1291
-22.5653
-21.9029
-22.64
-26.5944
-25.4063
-22.7199
-21.537
-17.9124
-20.9043
-22.3118
-23.4978
-23.8583
-24.0655
-22.7943
-20.3154
-27.5535
-26.8357
-24.2571
-23.9514
-26.6483
-21.2987
-25.1467
-25.3749
-25.8931
-20.9707
-21.7675
-23.2544
-24.0114
-25.8011
-24.2466
-20.3358
-25.6239
-26.0949
-26.4332
-24.2997
-23.8934
-24.2206
-25.3938
-24.6699
-28.5602
-25.5981
-25.5016
-29.156
-28.7917
-25.7673
-29.2114
-26.8484
-25.9895
-23.2865
-24.7738
-30.0234
-27.0823
-26.4856
-26.146
-26.3678
-25.0924
-25.9125
-29.3
-24.9039
-26.496
2.268
-27.9414
-27.3607
-29.4268
2.268
-26.709
-0
-26.2389
2.268
-30.5767
-30.7688
2.268
-29.6659
-28.1947
-28.4578
-30.6523
28.5388
-25.0547
-23.9246
18.9818
3.96
0
1.17001
0.276605
0.0492559
0
0
0
0
0
0
0
0
0
0
0
0
0
0
0
0
0
0
0
0
0
0
0
0
0
0
0
0
0
0
0
0
0
0
0
0
0
0
0
0
0
0
0
0
0
0
0
0
0
0
0
0
0
0
0
0
0
0
0
0
0
0
0
0
0
0
0
0
0
0
0
0
0
0
0
0
0
0
0
0
0
0
0
0
0
0
0
0
0
0
0
0
0
0
0
0
0
0
0
0
0
0
0
0
0
0
0
0
0
0
0
0
0
0
0
0
0
0
0
0
0
0
0
0
0
0
0
0
0
0
0
0
0
0
0
0
0
0
0
0
0
0
0
0
0
0
0
0
0
0
0
0
0
0
0
0
0
0
0
0
0
0
0
0
0
0
0
0
0
0
0
0
0
0
0
0
0
0
0
0
0
0
0
0
0
0
0
0
0
0
0
0
0
0
0
0
0
0
0
0
0
0
0
0
0
0
0
0
0
0
0
0
0
0
0
0
0
0
0
0
0
0
0
0
0
0
0
0
0
0
0
0
0
0
0
0
0
0
0
0
0
0
0
0
0
0
0
0
0
0
0
0
0
0
0
0
0
0
0
0
0
0
0
0
0
0
0
0
0
0
0
0
0
0
0
0
0
0
0
0
0
0
0
0
0
0
0
0
0
0
0
0
0
0
0
0
0
0
0
0
0
0
0
0
0
0
0
0
0
0
0
0
0
0
0
0
0
0
0
0
0
0
0
0
0
0
0
0
0
0
0
0
0
0
0
0
0
0
0
0
0
0
0
0
0
0
0
0
0
0
0
0
0
0
0
0
0
0
0
0
0
0
0
0
0
0
0
0
0
0
0
0
0
0
0
0
0
0
0
0
0
0
0
0
0
0
0
0
0
0
0
0
0
0
0
0
0
0
0
0
0
0
0
0
0
0
0
0
0
0
0
0
0
0
0
0
0
0
0
0
0
0
0
0
0
0
0
0
0
0
0
0
0
0
0
0
0
0
0
0
0
0
0
0
0
0
0
0
0
0
0
0
0
0
0
0
0
0
0
0
0
0
0
0
0
0
0
0
0
0
0
0
0
0
0
0
0
0
0
0
0
0
0
0
0
0
0
0
0
0
0
0
0
0
0
0
0
0
0
0
0
0
0
0
0
0
0
0
0
0
0
0
0
0
0
0
0
0
0
0
0
0
0
0
0
0
0
0
0
0
0
0
0
0
0
0
0
0
0
0
0
0
0
0
0
0
0
0
0
0
0
0
0
0
0
0
0
0
0
0
0
0
0
0
0
0
0
0
0
0
0
0
0
0
0
0
0
0
0
0
0
0
0
0
0
0
0
0
0
0
0
0
0
0
0
0
0
0
0
0
0
0
0
0
0
0
0
0
0
0
0
0
0
0
0
0
0
0
0
0
0
0
0
0
0
0
0
0
0
0
0
0
0
0
0
0
0
0
0
0
0
0
0
0
0
0
0
0
0
0
0
0
0
0
0
0
0
0
0
0
0
0
0
0
0
0
0
0
0
0
0
0
0
0
0
0
0
0
0
0
0
0
0
0
0
0
0
0
0
0
0
0
0
0
0
0
0
0
0
0
0
0
0
0
0
0
0
0
0
0
0
0
0
0
0
0
0
0
0
0
0
0
0
0
0
0
0
0
0
0
0
0
0
0
0
0
0
0
0
0
0
0
0
0
0
0
0
0
0
0
0
0
0
0
0
0
0
0
0
0
0
0
0
0
0
0
0
0
0
0
0
0
0
0
0
0
0
0
0
0
0
0
0
0
0
0
0
0
0
0
0
0
0
0
0
0
0
0
0
0
0
0
0
0
0
0
0
0
0
0
0
0
0
0
0
0
0
0
0
0
0
0
0
0
0
0
0
0
0
0
0
0
0
0
0
0
0
0
0
0
0
0
0
0
0
0
0
0
0
0
0
0
0
0
0
0
0
0
0
0
0
0
0
0
0
0
0
0
0
0
0
0
0
0
0
0
0
0
0
0
0
0
0
0
0
0
0
0
0
0
0
0
0
0
0
0
0
0
0
0
0
0
0
0
0
0
0
0
0
0
0
0
0
0
0
0
0
0
0
0
0
0
0
0
0
0
0
0
0
0
0
0
0
0
0
0
0
0
0
0
0
0
0
0
0
0
0
0
0
0
0
0
0
0
0
0
0
0
0
0
0
0
0
0
0
0
0
0
0
0
0
0
0
0
0
0
0
0
0
0
0
0
0
0
0
0
0
0
0
0
0
0
0
0
0
0
0
0
0
0
0
0
0
0
0
0
0
0
0
0
0
0
0
0
0
0
0
0
0
0
0
0
0
0
0
0
0
0
0
0
0
0
0
0
0
0
0
0
0
0
0
0
0
0
0
0
0
0
0
0
0
0
0
0
0
0
0
0
0
0
0
0
0
0
0
0
0
0
0
0
0
0
0
0
0
0
0
0
0
0
0
0
0
0
0
0
0
0
0
0
0
0
0
0
0
0
0
0
0
0
0
0
0
0
0
0
0
0
0
0
0
0
0
0
0
0
0
0
0
0
0
0
0
0
0
0
0
0
0
0
0
0
0
0
0
0
0
0
0
0
0
0
0
0
0
0
0
0
0
0
0
0
0
0
0
0
0
0
0
0
0
0
0
0
0
0
0
0
0
0
0
0
0
0
0
0
0
0
0
0
0
0
0
0
0
0
0
0
0
0
0
0
0
0
0
0
0
0
0
0
0
0
0
0
0
0
0
0
0
0
0
0
0
0
0
0
0
0
0
0
0
0
0
0
0
0
0
0
0
0
0
0
0
0
0
0
0
0
0
0
0
0
0
0
0
0
0
0
0
0
0
0
0
0
0
0
0
0
0
0
0
0
0
0
0
0
0
0
0
0
0
0
0
0
0
0
0
0
0
0
0
0
0
0
0
0
0
0
0
0
0
0
0
0
0
0
0
0
0
0
0
0
0
0
0
0
0
0
0
0
0
0
0
0
0
0
0
0
0
0
0
0
0
0
0
0
0
0
0
0
0
0
0
0
0
0
0
0
0
0
0
0
0
0
0
0
0
0
0
0
0
0
0
0
0
0
0
0
0
0
0
0
0
0
0
0
0
0
0
0
0
0
0
0
0
0
0
0
0
0
0
0
0
0
0
0
0
0
0
0
0
0
0
0
0
0
0
0
0
0
0
0
0
0
0
0
0
0
0
0
0
0
0
0
0
0
0
0
0
0
0
0
0
0
0
0
0
0
0
0
0
0
0
0
0
0
0
0
0
0
0
0
0
0
0
0
0
0
0
0
0
0
0
0
0
0
0
0
0
0
0
0
0
0
0
0
0
0
0
0
0
0
0
0
0
0
0
0
0
0
0
0
0
0
0
0
0
0
0
0
0
0
0
0
0
0
0
0
0
0
0
0
0
0
0
0
0
0
0
0
0
0
0
0
0
0
0
0
0
0
0
0
0
0
0
0
0
0
0
0
0
0
0
0
0
0
0
0
0
0
0
0
0
0
0
0
0
0
0
0
0
0
0
0
0
0
0
0
0
0
0
0
0
0
0
0
0
0
0
0
0
0
0
0
0
0
0
0
0
0
0
0
0
0
0
0
0
0
0
0
0
0
0
0
0
0
0
0
0
0
0
0
0
0
0
0
0
0
0
0
0
0
0
0
0
0
0
0
0
0
0
0
0
0
0
0
0
0
0
0
0
0
0
0
0
0
0
0
0
0
0
0
0
0
0
0
0
0
0
0
0
0
0
0
0
0
0
0
0
0
0
0
0
0
0
0
0
0
0
0
0
0
0
0
0
0
0
0
0
0
0
0
0
0
0
0
0
0
0
0
0
0
0
0
0
0
0
0
0
0
0
0
0
0
0
0
0
0
0
0
0
0
0
0
0
0
0
0
0
0
0
0
0
0
0
0
0
0
0
0
0
0
0
0
0
0
0
0
0
0
0
0
0
0
0
0
0
0
0
0
0
0
0
0
0
0
0
0
0
0
0
0
0
0
0
0
0
0
0
0
0
0
0
0
0
0
0
0
0
0
0
0
0
0
0
0
0
0
0
0
0
0
0
0
0
0
0
0
0
0
0
0
0
0
0
0
0
0
0
0
0
0
0
0
0
0
0
0
0
0
0
0
0
0
0
0
0
0
0
0
0
0
0
0
0
0
0
0
0
0
0
0
0
0
0
0
0
0
0
0
0
0
0
0
0
0
0
0
0
0
0
0
0
0
0
0
0
0
0
0
0
0
0
0
0
0
0
0
0
0
0
0
0
0
0
0
0
0
0
0
0
0
0
0
0
0
0
0
0
0
0
0
0
0
0
0
0
0
0
0
0
0
0
0
0
0
0
0
0
0
0
0
0
0
0
0
0
0
0
0
0
0
0
0
0
0
0
0
0
0
0
0
0
0
0
0
0
0
0
0
0
0
0
0
0
0
0
0
0
0
0
0
0
0
0
0
0
0
0
0
0
0
0
0
0
0
0
0
0
0
0
0
0
0
0
0
0
0
0
0
0
0
0
0
0
0
0
0
0
0
0
0
0
0
0
0
0
0
0
0
0
0
0
0
0
0
0
0
0
0
0
0
0
0
0
0
0
0
0
0
0
0
0
0
0
0
0
0
0
0
0
0
0
0
0
0
0
0
0
0
0
0
0
0
0
0
0
0
0
0
0
0
0
0
0
0
0
0
0
0
0
0
0
0
0
0
0
0
0
0
0
0
0
0
0
0
0
0
0
0
0
0
0
0
0
0
0
0
0
0
0
0
0
0
0
0
0
0
0
0
0
0
0
0
0
0
0
0
0
0
0
0
0
0
0
0
0
0
0
0
0
0
0
0
0
0
0
0
0
0
0
0
0
0
0
0
0
0
0
0
0
0
0
0
0
0
0
0
0
0
0
0
0
0
0
0
0
0
0
0
0
0
0
0
0
0
0
0
0
0
0
0
0
0
0
0
0
0
0
0
0
0
0
0
0
0
0
0
0
0
0
0
0
0
0
0
0
0
0
0
0
0
0
0
0
0
0
0
0
0
0
0
0
0
0
0
0
0
0
0
0
0
0
0
0
0
0
0
0
0
0
0
0
0
0
0
0
0
0
0
0
0
0
0
0
0
0
0
0
0
0
0
0
0
0
0
0
0
0
0
0
0
0
0
0
0
0
0
0
0
0
0
0
0
0
0
0
0
0
0
0
0
0
0
0
0
0
0
0
0
0
0
0
0
0
0
0
0
0
0
0
0
0
0
0
0
0
0
0
0
0
0
0
0
0
0
0
0
0
0
0
0
0
0
0
0
0
0
0
0
0
0
0
0
0
0
0
0
0
0
0
0
0
0
0
0
0
0
0
0
0
0
0
0
0
0
0
0
0
0
0
0
0
0
0
0
0
0
0
0
0
0
0
0
0
0
0
0
0
0
0
0
0
0
0
0
0
0
0
0
0
0
0
0
0
0
0
0
0
0
0
0
0
0
0
0
0
0
0
0
0
0
0
0
0
0
0
0
0
0
0
0
0
0
0
0
0
0
0
0
0
0
0
0
0
0
0
0
0
0
0
0
0
0
0
0
0
0
0
0
0
0
0
0
0
0
0
0
0
0
0
0
0
0
0
0
0
0
0
0
0
0
0
0
0
0
0
0
0
0
0
0
0
0
0
0
0
0
0
0
0
0
0
0
0
0
0
0
0
0
0
0
0
0
0
0
0
0
0
0
0
0
0
0
0
0
0
0
0
0
0
0
0
0
0
0
0
0
0
0
0
0
0
0
0
0
0
0
0
0
0
0
0
0
0
0
0
0
0
0
0
0
0
0
0
0
0
0
0
0
0
0
0
0
0
0
0
0
0
0
0
0
0
0
0
0
0
0
0
0
0
0
0
0
0
0
0
0
0
0
0
0
0
0
0
0
0
0
0
0
0
0
0
0
0
0
0
0
0
0
0
0
0
0
0
0
0
0
0
0
0
0
0
0
0
0
0
0
0
0
0
0
0
0
0
0
0
0
0
0
0
0
0
0
0
0
0
0
0
0
0
0
0
0
0
0
0
0
0
0
0
0
0
0
0
0
0
0
0
0
0
0
0
0
0
0
0
0
0
0
0
0
0
0
0
0
0
0
0
0
0
0
0
0
0
0
0
0
0
0
0
0
0
0
0
0
0
0
0
0
0
0
0
0
0
0
0
0
0
0
0
0
0
0
0
0
0
0
0
0
0
0
0
0
0
0
0
0
0
0
0
0
0
0
0
0
0
0
0
0
0
0
0
0
0
0
0
0
0
0
0
0
0
0
0
0
0
0
0
0
0
0
0
0
0
0
0
0
0
0
0
0
0
0
0
0
0
0
0
0
0
0
0
0
0
0
0
0
0
0
0
0
0
0
0
0
0
0
0
0
0
0
0
0
0
0
0
0
0
0
0
0
0
0
0
0
0
0
0
0
0
0
0
0
0
0
0
0
0
0
0
0
0
0
0
0
0
0
0
0
0
0
0
0
0
0
0
0
0
0
0
0
0
0
0
0
0
0
0
0
0
0
0
0
0
0
0
0
0
0
0
0
0
0
0
0
0
0
0
0
0
0
0
0
0
0
0
0
0
0
0
0
0
0
0
0
0
0
0
0
0
0
0
0
0
0
0
0
0
0
0
0
0
0
0
0
0
0
0
0
0
0
0
0
0
0
0
0
0
0
0
0
0
0
0
0
0
0
0
0
0
0
0
0
0
0
0
0
0
0
0
0
0
0
0
0
0
0
0
0
0
0
0
0
0
0
0
0
0
0
0
0
0
0
0
0
0
0
0
0
0
0
0
0
0
0
0
0
0
0
0
0
0
0
0
0
0
0
0
0
0
0
0
0
0
0
0
0
0
0
0
0
0
0
0
0
0
0
0
0
0
0
0
0
0
0
0
0
0
0
0
0
0
0
0
0
0
0
0
0
0
0
0
0
0
0
0
0
0
0
0
0
0
0
0
0
0
0
0
0
0
0
0
0
0
0
0
0
0
0
0
0
0
0
0
0
0
0
0
0
0
0
0
0
0
0
0
0
0
0
0
0
0
0
0
0
0
0
0
0
0
0
0
0
0
0
0
0
0
0
0
0
0
0
0
0
0
0
0
0
0
0
0
0
0
0
0
0
0
0
0
0
0
0
0
0
0
0
0
0
0
0
0
0
0
0
0
0
0
0
0
0
0
0
0
0
0
0
0
0
0
0
0
0
0
0
0
0
0
0
0
0
0
0
0
0
0
0
0
0
0
0
0
0
0
0
0
0
0
0
0
0
0
0
0
0
0
0
0
0
0
0
0
0
0
0
0
0
0
0
0
0
0
0
0
0
0
0
0
0
0
0
0
0
0
0
0
0
0
0
0
0
0
0
0
0
0
0
0
0
0
0
0
0
0
0
0
0
0
0
0
0
0
0
0
0
0
0
0
0
0
0
0
0
0
0
0
0
0
0
0
0
0
0
0
0
0
0
0
0
0
0
0
0
0
0
0
0
0
0
0
0
0
0
0
0
0
0
0
0
0
0
0
0
0
0
0
0
0
0
0
0
0
0
0
0
0
0
0
0
0
0
0
0
0
0
0
0
0
0
0
0
0
0
0
0
0
0
0
0
0
0
0
0
0
0
0
0
0
0
0
0
0
0
0
0
0
0
0
0
0
0
0
0
0
0
0
0
0
0
0
0
0
0
0
0
0
0
0
0
0
0
0
0
0
0
0
0
0
0
0
0
0
0
0
0
0
0
0
0
0
0
0
0
0
0
0
0
0
0
0
0
0
0
0
0
0
-35.7937
-36.882
3.06
-0
3.06
-0
-38.0446
-23.2605
-47.1291
-22.5653
-21.9029
-22.64
-26.5944
-25.4063
-22.7199
-21.537
-17.9124
-20.9043
-22.3118
-23.4978
-23.8583
-24.0655
-22.7943
-20.3154
-27.5535
-26.8357
-24.2571
-23.9514
-26.6483
-21.2987
-25.1467
-25.3749
-25.8931
-20.9707
-21.7675
-23.2544
-24.0114
-25.8011
-24.2466
-20.3358
-25.6239
-26.0949
-26.4332
-24.2997
-23.8934
-24.2206
-25.3938
-24.6699
-28.5602
-25.5981
-25.5016
-29.156
-28.7917
-25.7673
-29.2114
-26.8484
-25.9895
-23.2865
-24.7738
-30.0234
2.952
-27.0823
-26.4856
-26.1421
-26.3681
2.952
-25.0923
-25.912
-29.2973
-24.8965
-26.484
-27.9395
-27.3535
-29.4258
-26.7071
-26.2376
-30.5735
-30.7695
-29.6632
-28.1967
-28.4597
-30.6548
28.5402
-25.0566
-23.9261
18.9825
3.96
-35.7937
-36.882
3.06
-0
3.06
-0
-38.0446
-23.2605
-47.1291
-22.5653
-21.9029
-22.64
-26.5944
-25.4063
-22.7199
-21.537
-17.9124
-20.9043
-22.3118
-23.4978
-23.8583
-24.0655
-22.7943
-20.3154
-27.5535
-26.8357
-24.2571
-23.9514
-26.6483
-21.2987
-25.1467
-25.3749
-25.8931
-20.9707
-21.7675
-23.2544
-24.0114
-25.8011
-24.2466
-20.3358
-25.6239
-26.0949
-26.4332
-24.2997
-23.8934
-24.2206
-25.3938
-24.6699
-28.5602
-25.5981
-25.5016
-29.156
-28.7917
-25.7673
-29.2114
-26.8484
-25.9895
-23.2865
-24.7738
-30.0234
2.952
-27.0823
-26.4856
-26.1421
-26.3681
2.952
-25.0923
-25.912
-29.2973
-24.8965
-26.484
-27.9395
-27.3535
-29.4258
-26.7071
-26.2376
-30.5735
-30.7695
-29.6632
-28.1967
-28.4597
-30.6548
28.5402
-25.0566
-23.9261
18.9825
3.96
0
1.17001
0.276605
0.0492559
3.96
2.952
-0
63.9269
-8.82116
6.80841
-0.139999
0.00324904
0.852709
-35.7937
-36.882
3.06
-0
3.06
-0
-38.0446
-23.2605
-47.1291
-22.5653
-21.9029
-22.64
-26.5944
-25.4063
-22.7199
-21.537
-17.9124
-20.9043
-22.3118
-23.4978
-23.8583
-24.0655
-22.7943
-20.3154
-27.5535
-26.8357
-24.2571
-23.9514
-26.6483
-21.2987
-25.1467
-25.3749
-25.8931
-20.9707
-21.7675
-23.2544
-24.0114
-25.8011
-24.2466
-20.3358
-25.6239
-26.0949
-26.4332
-24.2997
-23.8934
-24.2206
-25.3938
-24.6699
-28.5602
-25.5981
-25.5016
-29.156
-28.7917
-25.7673
-29.2114
-26.8484
-25.9895
-23.2865
-24.7738
-30.0234
2.952
-27.0823
-26.4856
-26.1421
-26.3681
2.952
-25.0923
-25.912
-29.2973
-24.8965
-26.484
-27.9395
-27.3535
-35.7937
-36.882
3.06
-0
3.06
-0
-38.0446
-23.2605
-47.1291
-22.5653
-21.9029
-22.64
-26.5944
-25.4063
-22.7199
-21.537
-17.9124
-20.9043
-22.3118
-23.4978
-23.8583
-24.0655
-22.7943
-20.3154
-27.5535
-26.8357
-24.2571
-23.9514
-26.6483
-21.2987
-25.1467
-25.3749
-25.8931
-20.9707
-21.7675
-23.2544
-24.0114
-25.8011
-24.2466
-20.3358
-25.6239
-26.0949
-26.4332
-24.2997
-23.8934
-24.2206
-25.3938
-24.6699
-28.5602
-25.5981
-25.5016
-29.156
-28.7917
-25.7673
-29.2114
-26.8484
-25.9895
-23.2865
-24.7738
-30.0234
2.952
-27.0823
-26.4856
-26.1421
-26.3681
2.952
-25.0923
-25.912
-29.2973
-24.8965
-26.484
-27.9395
-27.3535
-29.4258
-26.7071
-26.2376
-30.5735
-30.7695
-29.6632
-28.1967
-28.4597
-30.6548
28.5402
-25.0566
-23.9261
18.9825
3.96
0
1.17001
0.276605
0.0492559
3.96
-35.7937
-36.882
3.06
-0
3.06
-0
-38.0446
-23.2605
-47.1291
-22.5653
-21.9029
-22.64
-26.5944
-25.4063
-22.7199
-21.537
-17.9124
-20.9043
-22.3118
-23.4978
-23.8583
-24.0655
-22.7943
-20.3154
-27.5535
-26.8357
-24.2571
-23.9514
-26.6483
-21.2987
-25.1467
-25.3749
-25.8931
-20.9707
-21.7675
-23.2544
-24.0114
-25.8011
-24.2466
-20.3358
-25.6239
-26.0949
-26.4332
-24.2997
-23.8934
-24.2206
-25.3938
-24.6699
-28.5602
-25.5981
-25.5016
-29.156
-28.7917
-25.7673
-29.2114
-26.8484
-25.9895
-23.2865
-24.7738
-30.0234
2.952
-27.0823
-26.4856
-26.1421
-26.3681
2.952
-25.0923
-25.912
-29.2973
-24.8965
-26.484
-27.9395
-27.3535
-29.4258
-26.7071
-26.2376
-30.5735
-30.7695
-29.6632
-28.1967
-28.4597
-30.6548
28.5402
-25.0566
-23.9261
18.9825
-35.7937
-36.882
