94 3 0 0 -127 -127 3 0 0 -127 -127 46 36
94 3 0 0 -127 -127 3 0 0 -127 -127 46 36
94 3 0 0 -127 -127 3 0 0 -127 -127 46 36
94 3 0 0 -127 -127 3 0 0 -127 -127 46 36
94 3 0 0 -127 -127 3 0 0 -127 -127 46 36
94 3 0 0 -127 -127 3 0 0 -127 -127 46 36
94 3 0 0 -127 -127 3 0 0 -127 -127 46 36
94 3 0 0 -127 -127 3 0 0 -127 -127 46 36
94 3 0 0 -127 -127 3 0 0 -127 -127 46 36
94 3 0 0 -127 -127 3 0 0 -127 -127 46 36
94 3 0 0 -127 -127 3 0 0 -127 -127 46 36
94 3 0 0 -127 -127 3 0 0 -127 -127 46 37
94 3 0 0 -127 -127 3 0 0 -127 -127 46 37
94 3 0 0 -127 -127 3 0 0 -127 -127 46 37
94 3 0 0 -127 -127 3 0 0 -127 -127 46 37
94 3 0 0 -127 -127 3 0 0 -127 -127 46 37
94 3 0 0 -127 -127 3 0 0 -127 -127 46 37
94 3 0 0 -127 -127 3 0 0 -127 -127 46 37
94 3 0 0 -127 -127 3 0 0 -127 -127 46 37
94 3 0 0 -127 -127 3 0 0 -127 -127 46 37
94 3 0 0 -127 -127 3 0 0 -127 -127 46 37
94 3 0 0 -127 -127 3 0 0 -127 -127 46 37
94 3 0 0 -127 -127 3 0 0 -127 -127 46 37
94 3 0 0 -127 -127 3 0 0 -127 -127 46 37
94 3 0 0 -127 -127 3 0 0 -127 -127 46 37
94 3 0 0 -127 -127 3 0 0 -127 -127 46 37
94 3 0 0 -127 -127 3 0 0 -127 -127 46 37
94 3 0 0 -127 -127 3 0 0 -127 -127 46 37
94 3 0 0 -127 -127 3 0 0 -127 -127 46 37
94 3 0 0 -127 -127 3 0 0 -127 -127 46 37
94 3 0 0 -127 -127 3 0 0 -127 -127 46 37
94 3 0 0 -127 -127 3 0 0 -127 -127 46 37
94 3 0 0 -127 -127 3 0 0 -127 -127 46 37
94 3 0 0 -127 -127 3 0 0 -127 -127 46 37
94 3 0 0 -127 -127 3 0 0 -127 -127 46 37
94 3 0 0 -127 -127 3 0 0 -127 -127 46 37
94 3 0 0 -127 -127 3 0 0 -127 -127 46 37
94 3 0 0 -127 -127 3 0 0 -127 -127 46 37
94 3 0 0 -127 -127 3 0 0 -127 -127 46 37
94 3 0 0 -127 -127 3 0 0 -127 -127 46 37
94 3 0 0 -127 -127 3 0 0 -127 -127 46 37
94 3 0 0 -127 -127 3 0 0 -127 -127 46 38
94 3 0 0 -127 -127 3 0 0 -127 -127 46 38
94 3 0 0 -127 -127 3 0 0 -127 -127 46 38
94 3 0 0 -127 -127 3 0 0 -127 -127 46 38
94 3 0 0 -127 -127 3 0 0 -127 -127 46 38
94 3 0 0 -127 -127 3 0 0 -127 -127 46 38
94 3 0 0 -127 -127 3 0 0 -127 -127 46 38
94 3 0 0 -127 -127 3 0 0 -127 -127 46 38
94 3 0 0 -127 -127 3 0 0 -127 -127 46 38
94 3 0 0 -127 -127 3 0 0 -127 -127 46 38
94 3 0 0 -127 -127 3 0 0 -127 -127 46 38
94 3 0 0 -127 -127 3 0 0 -127 -127 46 38
94 3 0 0 -127 -127 3 0 0 -127 -127 46 38
94 3 0 0 -127 -127 3 0 0 -127 -127 46 38
94 3 0 0 -127 -127 3 0 0 -127 -127 46 38
94 3 0 0 -127 -127 3 0 0 -127 -127 46 38
94 3 0 0 -127 -127 3 0 0 -127 -127 46 38
94 3 0 0 -127 -127 3 0 0 -127 -127 46 38
94 3 0 0 -127 -127 3 0 0 -127 -127 46 38
94 3 0 0 -127 -127 3 0 0 -127 -127 46 38
94 3 0 0 -127 -127 3 0 0 -127 -127 46 38
94 3 0 0 -127 -127 3 0 0 -127 -127 46 38
94 3 0 0 -127 -127 3 0 0 -127 -127 46 38
94 3 0 0 -127 -127 3 0 0 -127 -127 46 38
94 3 0 0 -127 -127 3 0 0 -127 -127 46 38
94 3 0 0 -127 -127 3 0 0 -127 -127 46 38
94 3 0 0 -127 -127 3 0 0 -127 -127 46 39
94 3 0 0 -127 -127 3 0 0 -127 -127 46 39
94 3 0 0 -127 -127 3 0 0 -127 -127 46 39
94 3 0 0 -127 -127 3 0 0 -127 -127 46 39
94 3 0 0 -127 -127 3 0 0 -127 -127 46 39
94 3 0 0 -127 -127 3 0 0 -127 -127 46 39
94 3 0 0 -127 -127 3 0 0 -127 -127 46 39
94 3 0 0 -127 -127 3 0 0 -127 -127 46 39
94 3 0 0 -127 -127 3 0 0 -127 -127 46 39
94 3 0 0 -127 -127 3 0 0 -127 -127 46 39
94 3 0 0 -127 -127 3 0 0 -127 -127 46 39
94 3 0 0 -127 -127 3 0 0 -127 -127 46 39
94 3 0 0 -127 -127 3 0 0 -127 -127 46 39
94 3 0 0 -127 -127 3 0 0 -127 -127 46 40
94 3 0 0 -127 -127 3 0 0 -127 -127 46 40
94 3 0 0 -127 -127 3 0 0 -127 -127 46 40
94 3 0 0 -127 -127 3 0 0 -127 -127 46 40
94 3 0 0 -127 -127 3 0 0 -127 -127 46 40
94 3 0 0 -127 -127 3 0 0 -127 -127 46 40
94 3 0 0 -127 -127 3 0 0 -127 -127 46 40
94 3 0 0 -127 -127 3 0 0 -127 -127 46 40
94 3 0 0 -127 -127 3 0 0 -127 -127 46 40
94 3 0 0 -127 -127 3 0 0 -127 -127 46 40
94 3 0 0 -127 -127 3 0 0 -127 -127 46 40
94 3 0 0 -127 -127 3 0 0 -127 -127 46 40
94 3 0 0 -127 -127 3 0 0 -127 -127 46 40
94 3 0 0 -127 -127 3 0 0 -127 -127 46 40
94 3 0 0 -127 -127 3 0 0 -127 -127 46 40
94 3 0 0 -127 -127 3 0 0 -127 -127 46 40
94 3 0 0 -127 -127 3 0 0 -127 -127 46 40
94 3 0 0 -127 -127 3 0 0 -127 -127 46 40
94 3 0 0 -127 -127 3 0 0 -127 -127 46 40
94 3 0 0 -127 -127 3 0 0 -127 -127 46 40
94 3 0 0 -127 -127 3 0 0 -127 -127 46 41
94 3 0 0 -127 -127 3 0 0 -127 -127 46 41
94 3 0 0 -127 -127 3 0 0 -127 -127 46 41
94 3 0 0 -127 -127 3 0 0 -127 -127 46 41
94 3 0 0 -127 -127 3 0 0 -127 -127 46 41
94 3 0 0 -127 -127 3 0 0 -127 -127 46 41
94 3 0 0 -127 -127 3 0 0 -127 -127 46 41
94 3 0 0 -127 -127 3 0 0 -127 -127 46 41
94 3 0 0 -127 -127 3 0 0 -127 -127 46 41
94 3 0 0 -127 -127 3 0 0 -127 -127 46 41
94 3 0 0 -127 -127 3 0 0 -127 -127 46 41
94 3 0 0 -127 -127 3 0 0 -127 -127 46 41
94 3 0 0 -127 -127 3 0 0 -127 -127 46 41
94 3 0 0 -127 -127 3 0 0 -127 -127 46 41
94 3 0 0 -127 -127 3 0 0 -127 -127 46 41
94 3 0 0 -127 -127 3 0 0 -127 -127 46 41
94 3 0 0 -127 -127 3 0 0 -127 -127 46 41
94 3 0 0 -127 -127 3 0 0 -127 -127 46 41
94 3 0 0 -127 -127 3 0 0 -127 -127 46 41
94 3 0 0 -127 -127 3 0 0 -127 -127 46 41
94 3 0 0 -127 -127 3 0 0 -127 -127 46 42
94 3 0 0 -127 -127 3 0 0 -127 -127 46 42
94 3 0 0 -127 -127 3 0 0 -127 -127 46 42
94 3 0 0 -127 -127 3 0 0 -127 -127 46 42
94 3 0 0 -127 -127 3 0 0 -127 -127 46 42
94 3 0 0 -127 -127 3 0 0 -127 -127 46 42
94 3 0 0 -127 -127 3 0 0 -127 -127 46 42
94 3 0 0 -127 -127 3 0 0 -127 -127 46 42
94 3 0 0 -127 -127 3 0 0 -127 -127 46 42
94 3 0 0 -127 -127 3 0 0 -127 -127 46 42
94 3 0 0 -127 -127 3 0 0 -127 -127 46 42
94 3 0 0 -127 -127 3 0 0 -127 -127 46 42
94 3 0 0 -127 -127 3 0 0 -127 -127 46 42
94 3 0 0 -127 -127 3 0 0 -127 -127 46 42
94 3 0 0 -127 -127 3 0 0 -127 -127 46 42
94 3 0 0 -127 -127 3 0 0 -127 -127 46 42
94 3 0 0 -127 -127 3 0 0 -127 -127 46 42
94 3 0 0 -127 -127 3 0 0 -127 -127 46 42
94 3 0 0 -127 -127 3 0 0 -127 -127 46 42
94 3 0 0 -127 -127 3 0 0 -127 -127 46 42
94 3 0 0 -127 -127 3 0 0 -127 -127 46 43
94 3 0 0 -127 -127 3 0 0 -127 -127 46 43
94 3 0 0 -127 -127 3 0 0 -127 -127 46 43
94 3 0 0 -127 -127 3 0 0 -127 -127 46 43
94 3 0 0 -127 -127 3 0 0 -127 -127 46 43
94 3 0 0 -127 -127 3 0 0 -127 -127 46 43
94 3 0 0 -127 -127 3 0 0 -127 -127 46 43
94 3 0 0 -127 -127 3 0 0 -127 -127 46 43
94 3 0 0 -127 -127 3 0 0 -127 -127 46 43
94 3 0 0 -127 -127 3 0 0 -127 -127 46 43
94 3 0 0 -127 -127 3 0 0 -127 -127 46 43
94 3 0 0 -127 -127 3 0 0 -127 -127 46 43
94 3 0 0 -127 -127 3 0 0 -127 -127 46 43
94 3 0 0 -127 -127 3 0 0 -127 -127 46 43
94 3 0 0 -127 -127 3 0 0 -127 -127 46 43
94 3 0 0 -127 -127 3 0 0 -127 -127 46 43
94 3 0 0 -127 -127 3 0 0 -127 -127 46 43
94 3 0 0 -127 -127 3 0 0 -127 -127 46 43
94 3 0 0 -127 -127 3 0 0 -127 -127 46 43
94 3 0 0 -127 -127 3 0 0 -127 -127 46 44
94 3 0 0 -127 -127 3 0 0 -127 -127 46 44
94 3 0 0 -127 -127 3 0 0 -127 -127 46 44
94 3 0 0 -127 -127 3 0 0 -127 -127 46 44
94 3 0 0 -127 -127 3 0 0 -127 -127 46 44
94 3 0 0 -127 -127 3 0 0 -127 -127 46 44
94 3 0 0 -127 -127 3 0 0 -127 -127 46 44
94 3 0 0 -127 -127 3 0 0 -127 -127 46 44
94 3 0 0 -127 -127 3 0 0 -127 -127 46 44
94 3 0 0 -127 -127 3 0 0 -127 -127 46 44
94 3 0 0 -127 -127 3 0 0 -127 -127 46 44
94 3 0 0 -127 -127 3 0 0 -127 -127 46 44
94 3 0 0 -127 -127 3 0 0 -127 -127 46 44
94 3 0 0 -127 -127 3 0 0 -127 -127 46 44
94 3 0 0 -127 -127 3 0 0 -127 -127 46 44
94 3 0 0 -127 -127 3 0 0 -127 -127 46 44
94 3 0 0 -127 -127 3 0 0 -127 -127 46 44
94 3 0 0 -127 -127 3 0 0 -127 -127 46 44
94 3 0 0 -127 -127 3 0 0 -127 -127 46 44
94 3 0 0 -127 -127 3 0 0 -127 -127 46 44
94 3 0 0 -127 -127 3 0 0 -127 -127 46 45
94 3 0 0 -127 -127 3 0 0 -127 -127 46 45
94 3 0 0 -127 -127 3 0 0 -127 -127 46 45
94 3 0 0 -127 -127 3 0 0 -127 -127 46 45
94 3 0 0 -127 -127 3 0 0 -127 -127 46 45
94 3 0 0 -127 -127 3 0 0 -127 -127 46 45
94 3 0 0 -127 -127 3 0 0 -127 -127 46 45
94 3 0 0 -127 -127 3 0 0 -127 -127 46 45
94 3 0 0 -127 -127 3 0 0 -127 -127 46 45
94 3 0 0 -127 -127 3 0 0 -127 -127 46 45
94 3 0 0 -127 -127 3 0 0 -127 -127 46 45
94 3 0 0 -127 -127 3 0 0 -127 -127 46 45
94 3 0 0 -127 -127 3 0 0 -127 -127 46 45
94 3 0 0 -127 -127 3 0 0 -127 -127 46 45
94 3 0 0 -127 -127 3 0 0 -127 -127 46 45
94 3 0 0 -127 -127 3 0 0 -127 -127 46 45
94 3 0 0 -127 -127 3 0 0 -127 -127 46 45
94 3 0 0 -127 -127 3 0 0 -127 -127 46 45
94 3 0 0 -127 -127 3 0 0 -127 -127 46 45
94 3 0 0 -127 -127 3 0 0 -127 -127 46 45
94 3 0 0 -127 -127 3 0 0 -127 -127 46 46
94 3 0 0 -127 -127 3 0 0 -127 -127 46 46
94 3 0 0 -127 -127 3 0 0 -127 -127 46 46
94 3 0 0 -127 -127 3 0 0 -127 -127 46 46
94 3 0 0 -127 -127 3 0 0 -127 -127 46 46
94 3 0 0 -127 -127 3 0 0 -127 -127 46 46
94 3 0 0 -127 -127 3 0 0 -127 -127 46 46
94 3 0 0 -127 -127 3 0 0 -127 -127 46 46
94 3 0 0 -127 -127 3 0 0 -127 -127 46 46
94 3 0 0 -127 -127 3 0 0 -127 -127 46 46
94 3 0 0 -127 -127 3 0 0 -127 -127 46 46
94 3 0 0 -127 -127 3 0 0 -127 -127 46 46
94 3 0 0 -127 -127 3 0 0 -127 -127 46 46
94 3 0 0 -127 -127 3 0 0 -127 -127 46 46
94 3 0 0 -127 -127 3 0 0 -127 -127 46 46
94 3 0 0 -127 -127 3 0 0 -127 -127 46 46
94 3 0 0 -127 -127 3 0 0 -127 -127 46 46
94 3 0 0 -127 -127 3 0 0 -127 -127 46 46
94 3 0 0 -127 -127 3 0 0 -127 -127 46 46
94 3 0 0 -127 -127 3 0 0 -127 -127 46 46
94 3 0 0 -127 -127 3 0 0 -127 -127 46 47
94 3 0 0 -127 -127 3 0 0 -127 -127 46 47
94 3 0 0 -127 -127 3 0 0 -127 -127 46 47
94 3 0 0 -127 -127 3 0 0 -127 -127 46 47
94 3 0 0 -127 -127 3 0 0 -127 -127 46 47
94 3 0 0 -127 -127 3 0 0 -127 -127 46 47
94 3 0 0 -127 -127 3 0 0 -127 -127 46 47
94 3 0 0 -127 -127 3 0 0 -127 -127 46 47
94 3 0 0 -127 -127 3 0 0 -127 -127 46 47
94 3 0 0 -127 -127 3 0 0 -127 -127 46 47
94 3 0 0 -127 -127 3 0 0 -127 -127 46 47
94 3 0 0 -127 -127 3 0 0 -127 -127 46 47
94 3 0 0 -127 -127 3 0 0 -127 -127 46 47
94 3 0 0 -127 -127 3 0 0 -127 -127 46 47
94 3 0 0 -127 -127 3 0 0 -127 -127 46 47
94 3 0 0 -127 -127 3 0 0 -127 -127 46 47
94 3 0 0 -127 -127 3 0 0 -127 -127 46 47
94 3 0 0 -127 -127 3 0 0 -127 -127 46 47
94 3 0 0 -127 -127 3 0 0 -127 -127 46 47
94 3 0 0 -127 -127 3 0 0 -127 -127 46 48
94 3 0 0 -127 -127 3 0 0 -127 -127 46 48
94 3 0 0 -127 -127 3 0 0 -127 -127 46 48
94 3 0 0 -127 -127 3 0 0 -127 -127 46 48
94 3 0 0 -127 -127 3 0 0 -127 -127 46 48
94 3 0 0 -127 -127 3 0 0 -127 -127 46 48
94 3 0 0 -127 -127 3 0 0 -127 -127 46 48
94 3 0 0 -127 -127 3 0 0 -127 -127 46 48
94 3 0 0 -127 -127 3 0 0 -127 -127 46 48
94 3 0 0 -127 -127 3 0 0 -127 -127 46 48
94 3 0 0 -127 -127 3 0 0 -127 -127 46 48
94 3 0 0 -127 -127 3 0 0 -127 -127 46 48
94 3 0 0 -127 -127 3 0 0 -127 -127 46 48
94 3 0 0 -127 -127 3 0 0 -127 -127 46 48
94 3 0 0 -127 -127 3 0 0 -127 -127 46 48
94 3 0 0 -127 -127 3 0 0 -127 -127 46 48
94 3 0 0 -127 -127 3 0 0 -127 -127 46 48
94 3 0 0 -127 -127 3 0 0 -127 -127 46 48
94 3 0 0 -127 -127 3 0 0 -127 -127 46 48
94 3 0 0 -127 -127 3 0 0 -127 -127 46 48
94 3 0 0 -127 -127 3 0 0 -127 -127 46 49
94 3 0 0 -127 -127 3 0 0 -127 -127 46 49
94 3 0 0 -127 -127 3 0 0 -127 -127 46 49
94 3 0 0 -127 -127 3 0 0 -127 -127 46 49
94 3 0 0 -127 -127 3 0 0 -127 -127 46 49
94 3 0 0 -127 -127 3 0 0 -127 -127 46 49
94 3 0 0 -127 -127 3 0 0 -127 -127 46 49
94 3 0 0 -127 -127 3 0 0 -127 -127 46 49
94 3 0 0 -127 -127 3 0 0 -127 -127 46 49
94 3 0 0 -127 -127 3 0 0 -127 -127 46 49
94 3 0 0 -127 -127 3 0 0 -127 -127 46 49
94 3 0 0 -127 -127 3 0 0 -127 -127 46 49
94 3 0 0 -127 -127 3 0 0 -127 -127 46 49
94 3 0 0 -127 -127 3 0 0 -127 -127 46 49
94 3 0 0 -127 -127 3 0 0 -127 -127 46 49
94 3 0 0 -127 -127 3 0 0 -127 -127 46 49
94 3 0 0 -127 -127 3 0 0 -127 -127 46 49
94 3 0 0 -127 -127 3 0 0 -127 -127 46 49
94 3 0 0 -127 -127 3 0 0 -127 -127 46 49
94 3 0 0 -127 -127 3 0 0 -127 -127 46 50
94 3 0 0 -127 -127 3 0 0 -127 -127 46 50
94 3 0 0 -127 -127 3 0 0 -127 -127 46 50
94 3 0 0 -127 -127 3 0 0 -127 -127 46 50
94 3 0 0 -127 -127 3 0 0 -127 -127 46 50
94 3 0 0 -127 -127 3 0 0 -127 -127 46 50
94 3 0 0 -127 -127 3 0 0 -127 -127 46 50
94 3 0 0 -127 -127 3 0 0 -127 -127 46 50
94 3 0 0 -127 -127 3 0 0 -127 -127 46 50
94 3 0 0 -127 -127 3 0 0 -127 -127 46 50
94 3 0 0 -127 -127 3 0 0 -127 -127 46 50
94 3 0 0 -127 -127 3 0 0 -127 -127 46 50
94 3 0 0 -127 -127 3 0 0 -127 -127 46 50
94 3 0 0 -127 -127 3 0 0 -127 -127 46 50
94 3 0 0 -127 -127 3 0 0 -127 -127 46 50
94 3 0 0 -127 -127 3 0 0 -127 -127 46 50
94 3 0 0 -127 -127 3 0 0 -127 -127 46 50
94 3 0 0 -127 -127 3 0 0 -127 -127 46 50
94 3 0 0 -127 -127 3 0 0 -127 -127 46 50
94 3 0 0 -127 -127 3 0 0 -127 -127 46 50
94 3 0 0 -127 -127 3 0 0 -127 -127 46 51
94 3 0 0 -127 -127 3 0 0 -127 -127 46 51
94 3 0 0 -127 -127 3 0 0 -127 -127 46 51
94 3 0 0 -127 -127 3 0 0 -127 -127 46 51
94 3 0 0 -127 -127 3 0 0 -127 -127 46 51
94 3 0 0 -127 -127 3 0 0 -127 -127 46 51
94 3 0 0 -127 -127 3 0 0 -127 -127 46 51
94 3 0 0 -127 -127 3 0 0 -127 -127 46 51
94 3 0 0 -127 -127 3 0 0 -127 -127 46 51
94 3 0 0 -127 -127 3 0 0 -127 -127 46 51
94 3 0 0 -127 -127 3 0 0 -127 -127 46 51
94 3 0 0 -127 -127 3 0 0 -127 -127 46 51
94 3 0 0 -127 -127 3 0 0 -127 -127 46 51
94 3 0 0 -127 -127 3 0 0 -127 -127 46 51
94 3 0 0 -127 -127 3 0 0 -127 -127 46 51
94 3 0 0 -127 -127 3 0 0 -127 -127 46 51
94 3 0 0 -127 -127 3 0 0 -127 -127 46 51
94 3 0 0 -127 -127 3 0 0 -127 -127 46 51
94 3 0 0 -127 -127 3 0 0 -127 -127 46 51
94 3 0 0 -127 -127 3 0 0 -127 -127 46 52
94 3 0 0 -127 -127 3 0 0 -127 -127 46 52
94 3 0 0 -127 -127 3 0 0 -127 -127 46 52
94 3 0 0 -127 -127 3 0 0 -127 -127 46 52
94 3 0 0 -127 -127 3 0 0 -127 -127 46 52
94 3 0 0 -127 -127 3 0 0 -127 -127 46 52
94 3 0 0 -127 -127 3 0 0 -127 -127 46 52
94 3 0 0 -127 -127 3 0 0 -127 -127 46 52
94 3 0 0 -127 -127 3 0 0 -127 -127 46 52
94 3 0 0 -127 -127 3 0 0 -127 -127 46 52
94 3 0 0 -127 -127 3 0 0 -127 -127 46 52
94 3 0 0 -127 -127 3 0 0 -127 -127 46 52
94 3 0 0 -127 -127 3 0 0 -127 -127 46 52
94 3 0 0 -127 -127 3 0 0 -127 -127 46 52
94 3 0 0 -127 -127 3 0 0 -127 -127 46 52
94 3 0 0 -127 -127 3 0 0 -127 -127 46 52
94 3 0 0 -127 -127 3 0 0 -127 -127 46 52
94 3 0 0 -127 -127 3 0 0 -127 -127 46 52
94 3 0 0 -127 -127 3 0 0 -127 -127 46 52
94 3 0 0 -127 -127 3 0 0 -127 -127 46 53
94 3 0 0 -127 -127 3 0 0 -127 -127 46 53
94 3 0 0 -127 -127 3 0 0 -127 -127 46 53
94 3 0 0 -127 -127 3 0 0 -127 -127 46 53
94 3 0 0 -127 -127 3 0 0 -127 -127 46 53
94 3 0 0 -127 -127 3 0 0 -127 -127 46 53
94 3 0 0 -127 -127 3 0 0 -127 -127 46 53
94 3 0 0 -127 -127 3 0 0 -127 -127 46 53
94 3 0 0 -127 -127 3 0 0 -127 -127 46 53
94 3 0 0 -127 -127 3 0 0 -127 -127 46 53
94 3 0 0 -127 -127 3 0 0 -127 -127 46 53
94 3 0 0 -127 -127 3 0 0 -127 -127 46 53
94 3 0 0 -127 -127 3 0 0 -127 -127 46 53
94 3 0 0 -127 -127 3 0 0 -127 -127 46 53
94 3 0 0 -127 -127 3 0 0 -127 -127 46 53
94 3 0 0 -127 -127 3 0 0 -127 -127 46 53
94 3 0 0 -127 -127 3 0 0 -127 -127 46 53
94 3 0 0 -127 -127 3 0 0 -127 -127 46 53
94 3 0 0 -127 -127 3 0 0 -127 -127 46 53
94 3 0 0 -127 -127 3 0 0 -127 -127 46 53
94 3 0 0 -127 -127 3 0 0 -127 -127 46 54
94 3 0 0 -127 -127 3 0 0 -127 -127 46 54
94 3 0 0 -127 -127 3 0 0 -127 -127 46 54
94 3 0 0 -127 -127 3 0 0 -127 -127 46 54
94 3 0 0 -127 -127 3 0 0 -127 -127 46 54
94 3 0 0 -127 -127 3 0 0 -127 -127 46 54
94 3 0 0 -127 -127 3 0 0 -127 -127 46 54
94 3 0 0 -127 -127 3 0 0 -127 -127 46 54
94 3 0 0 -127 -127 3 0 0 -127 -127 46 54
94 3 0 0 -127 -127 3 0 0 -127 -127 46 54
94 3 0 0 -127 -127 3 0 0 -127 -127 46 54
94 3 0 0 -127 -127 3 0 0 -127 -127 46 54
94 3 0 0 -127 -127 3 0 0 -127 -127 46 54
94 3 0 0 -127 -127 3 0 0 -127 -127 46 54
94 3 0 0 -127 -127 3 0 0 -127 -127 46 54
94 3 0 0 -127 -127 3 0 0 -127 -127 46 54
94 3 0 0 -127 -127 3 0 0 -127 -127 46 54
94 3 0 0 -127 -127 3 0 0 -127 -127 46 54
94 3 0 0 -127 -127 3 0 0 -127 -127 46 54
94 3 0 0 -127 -127 3 0 0 -127 -127 46 55
94 3 0 0 -127 -127 3 0 0 -127 -127 46 55
94 3 0 0 -127 -127 3 0 0 -127 -127 46 55
94 3 0 0 -127 -127 3 0 0 -127 -127 46 55
94 3 0 0 -127 -127 3 0 0 -127 -127 46 55
94 3 0 0 -127 -127 3 0 0 -127 -127 46 55
94 3 0 0 -127 -127 3 0 0 -127 -127 46 55
94 3 0 0 -127 -127 3 0 0 -127 -127 46 55
94 3 0 0 -127 -127 3 0 0 -127 -127 46 55
94 3 0 0 -127 -127 3 0 0 -127 -127 46 55
94 3 0 0 -127 -127 3 0 0 -127 -127 46 55
94 3 0 0 -127 -127 3 0 0 -127 -127 46 55
94 3 0 0 -127 -127 3 0 0 -127 -127 46 55
94 3 0 0 -127 -127 3 0 0 -127 -127 46 55
94 3 0 0 -127 -127 3 0 0 -127 -127 46 55
94 3 0 0 -127 -127 3 0 0 -127 -127 46 55
94 3 0 0 -127 -127 3 0 0 -127 -127 46 55
94 3 0 0 -127 -127 3 0 0 -127 -127 46 55
94 3 0 0 -127 -127 3 0 0 -127 -127 46 55
94 3 0 0 -127 -127 3 0 0 -127 -127 46 56
94 3 0 0 -127 -127 3 0 0 -127 -127 46 56
94 3 0 0 -127 -127 3 0 0 -127 -127 46 56
94 3 0 0 -127 -127 3 0 0 -127 -127 46 56
94 3 0 0 -127 -127 3 0 0 -127 -127 46 56
94 3 0 0 -127 -127 3 0 0 -127 -127 46 56
94 3 0 0 -127 -127 3 0 0 -127 -127 46 56
94 3 0 0 -127 -127 3 0 0 -127 -127 46 56
94 3 0 0 -127 -127 3 0 0 -127 -127 46 56
94 3 0 0 -127 -127 3 0 0 -127 -127 46 56
94 3 0 0 -127 -127 3 0 0 -127 -127 46 56
94 3 0 0 -127 -127 3 0 0 -127 -127 46 56
94 3 0 0 -127 -127 3 0 0 -127 -127 46 56
94 3 0 0 -127 -127 3 0 0 -127 -127 46 56
94 3 0 0 -127 -127 3 0 0 -127 -127 46 56
94 3 0 0 -127 -127 3 0 0 -127 -127 46 56
94 3 0 0 -127 -127 3 0 0 -127 -127 46 56
94 3 0 0 -127 -127 3 0 0 -127 -127 46 56
94 3 0 0 -127 -127 3 0 0 -127 -127 46 56
94 3 0 0 -127 -127 3 0 0 -127 -127 46 56
94 3 0 0 -127 -127 3 0 0 -127 -127 46 57
94 3 0 0 -127 -127 3 0 0 -127 -127 46 57
94 3 0 0 -127 -127 3 0 0 -127 -127 46 57
94 3 0 0 -127 -127 3 0 0 -127 -127 46 57
94 3 0 0 -127 -127 3 0 0 -127 -127 46 57
94 3 0 0 -127 -127 3 0 0 -127 -127 46 57
94 3 0 0 -127 -127 3 0 0 -127 -127 46 57
94 3 0 0 -127 -127 3 0 0 -127 -127 46 57
94 3 0 0 -127 -127 3 0 0 -127 -127 46 57
94 3 0 0 -127 -127 3 0 0 -127 -127 46 57
94 3 0 0 -127 -127 3 0 0 -127 -127 46 57
94 3 0 0 -127 -127 3 0 0 -127 -127 46 57
94 3 0 0 -127 -127 3 0 0 -127 -127 46 57
94 3 0 0 -127 -127 3 0 0 -127 -127 46 57
94 3 0 0 -127 -127 3 0 0 -127 -127 46 57
94 3 0 0 -127 -127 3 0 0 -127 -127 46 57
94 3 0 0 -127 -127 3 0 0 -127 -127 46 57
94 3 0 0 -127 -127 3 0 0 -127 -127 46 57
94 3 0 0 -127 -127 3 0 0 -127 -127 46 57
94 3 0 0 -127 -127 3 0 0 -127 -127 46 58
94 3 0 0 -127 -127 3 0 0 -127 -127 46 58
94 3 0 0 -127 -127 3 0 0 -127 -127 46 58
94 3 0 0 -127 -127 3 0 0 -127 -127 46 58
94 3 0 0 -127 -127 3 0 0 -127 -127 46 58
94 3 0 0 -127 -127 3 0 0 -127 -127 46 58
94 3 0 0 -127 -127 3 0 0 -127 -127 46 58
94 3 0 0 -127 -127 3 0 0 -127 -127 46 58
94 3 0 0 -127 -127 3 0 0 -127 -127 46 58
94 3 0 0 -127 -127 3 0 0 -127 -127 46 58
94 3 0 0 -127 -127 3 0 0 -127 -127 46 58
94 3 0 0 -127 -127 3 0 0 -127 -127 46 58
94 3 0 0 -127 -127 3 0 0 -127 -127 46 58
94 3 0 0 -127 -127 3 0 0 -127 -127 46 58
94 3 0 0 -127 -127 3 0 0 -127 -127 46 58
94 3 0 0 -127 -127 3 0 0 -127 -127 46 58
94 3 0 0 -127 -127 3 0 0 -127 -127 46 58
94 3 0 0 -127 -127 3 0 0 -127 -127 46 58
94 3 0 0 -127 -127 3 0 0 -127 -127 46 58
94 3 0 0 -127 -127 3 0 0 -127 -127 46 59
94 3 0 0 -127 -127 3 0 0 -127 -127 46 59
94 3 0 0 -127 -127 3 0 0 -127 -127 46 59
94 3 0 0 -127 -127 3 0 0 -127 -127 46 59
94 3 0 0 -127 -127 3 0 0 -127 -127 46 59
94 3 0 0 -127 -127 3 0 0 -127 -127 46 59
94 3 0 0 -127 -127 3 0 0 -127 -127 46 59
94 3 0 0 -127 -127 3 0 0 -127 -127 46 59
94 3 0 0 -127 -127 3 0 0 -127 -127 46 59
94 3 0 0 -127 -127 3 0 0 -127 -127 46 59
94 3 0 0 -127 -127 3 0 0 -127 -127 46 59
94 3 0 0 -127 -127 3 0 0 -127 -127 46 59
94 3 0 0 -127 -127 3 0 0 -127 -127 46 59
94 3 0 0 -127 -127 3 0 0 -127 -127 46 59
