94 3 0 0 -127 -127 3 0 0 -127 -127 46 59
94 3 0 0 -127 -127 3 0 0 -127 -127 46 59
94 3 0 0 -127 -127 3 0 0 -127 -127 46 59
94 3 0 0 -127 -127 3 0 0 -127 -127 46 59
94 3 0 0 -127 -127 3 0 0 -127 -127 47 0
94 3 0 0 -127 -127 3 0 0 -127 -127 47 0
94 3 0 0 -127 -127 3 0 0 -127 -127 47 0
94 3 0 0 -127 -127 3 0 0 -127 -127 47 0
94 3 0 0 -127 -127 3 0 0 -127 -127 47 0
94 3 0 0 -127 -127 3 0 0 -127 -127 47 0
94 3 0 0 -127 -127 3 0 0 -127 -127 47 0
94 3 0 0 -127 -127 3 0 0 -127 -127 47 0
94 3 0 0 -127 -127 3 0 0 -127 -127 47 0
94 3 0 0 -127 -127 3 0 0 -127 -127 47 0
94 3 0 0 -127 -127 3 0 0 -127 -127 47 0
94 3 0 0 -127 -127 3 0 0 -127 -127 47 0
94 3 0 0 -127 -127 3 0 0 -127 -127 47 0
94 3 0 0 -127 -127 3 0 0 -127 -127 47 0
94 3 0 0 -127 -127 3 0 0 -127 -127 47 0
94 3 0 0 -127 -127 3 0 0 -127 -127 47 0
94 3 0 0 -127 -127 3 0 0 -127 -127 47 0
94 3 0 0 -127 -127 3 0 0 -127 -127 47 0
94 3 0 0 -127 -127 3 0 0 -127 -127 47 0
94 3 0 0 -127 -127 3 0 0 -127 -127 47 0
94 3 0 0 -127 -127 3 0 0 -127 -127 47 1
94 3 0 0 -127 -127 3 0 0 -127 -127 47 1
94 3 0 0 -127 -127 3 0 0 -127 -127 47 1
94 3 0 0 -127 -127 3 0 0 -127 -127 47 1
94 3 0 0 -127 -127 3 0 0 -127 -127 47 1
94 3 0 0 -127 -127 3 0 0 -127 -127 47 1
94 3 0 0 -127 -127 3 0 0 -127 -127 47 1
94 3 0 0 -127 -127 3 0 0 -127 -127 47 1
94 3 0 0 -127 -127 3 0 0 -127 -127 47 1
94 3 0 0 -127 -127 3 0 0 -127 -127 47 1
94 3 0 0 -127 -127 3 0 0 -127 -127 47 1
94 3 0 0 -127 -127 3 0 0 -127 -127 47 1
94 3 0 0 -127 -127 3 0 0 -127 -127 47 1
94 3 0 0 -127 -127 3 0 0 -127 -127 47 1
94 3 0 0 -127 -127 3 0 0 -127 -127 47 1
94 3 0 0 -127 -127 3 0 0 -127 -127 47 1
94 3 0 0 -127 -127 3 0 0 -127 -127 47 1
94 3 0 0 -127 -127 3 0 0 -127 -127 47 1
94 3 0 0 -127 -127 3 0 0 -127 -127 47 1
94 3 0 0 -127 -127 3 0 0 -127 -127 47 2
94 3 0 0 -127 -127 3 0 0 -127 -127 47 2
94 3 0 0 -127 -127 3 0 0 -127 -127 47 2
94 3 0 0 -127 -127 3 0 0 -127 -127 47 2
94 3 0 0 -127 -127 3 0 0 -127 -127 47 2
94 3 0 0 -127 -127 3 0 0 -127 -127 47 2
94 3 0 0 -127 -127 3 0 0 -127 -127 47 2
94 3 0 0 -127 -127 3 0 0 -127 -127 47 2
94 3 0 0 -127 -127 3 0 0 -127 -127 47 2
94 3 0 0 -127 -127 3 0 0 -127 -127 47 2
94 3 0 0 -127 -127 3 0 0 -127 -127 47 2
94 3 0 0 -127 -127 3 0 0 -127 -127 47 2
94 3 0 0 -127 -127 3 0 0 -127 -127 47 2
94 3 0 0 -127 -127 3 0 0 -127 -127 47 2
94 3 0 0 -127 -127 3 0 0 -127 -127 47 2
94 3 0 0 -127 -127 3 0 0 -127 -127 47 2
94 3 0 0 -127 -127 3 0 0 -127 -127 47 2
94 3 0 0 -127 -127 3 0 0 -127 -127 47 2
94 3 0 0 -127 -127 3 0 0 -127 -127 47 2
94 3 0 0 -127 -127 3 0 0 -127 -127 47 3
94 3 0 0 -127 -127 3 0 0 -127 -127 47 3
94 3 0 0 -127 -127 3 0 0 -127 -127 47 3
94 3 0 0 -127 -127 3 0 0 -127 -127 47 3
94 3 0 0 -127 -127 3 0 0 -127 -127 47 3
94 3 0 0 -127 -127 3 0 0 -127 -127 47 3
94 3 0 0 -127 -127 3 0 0 -127 -127 47 3
94 3 0 0 -127 -127 3 0 0 -127 -127 47 3
94 3 0 0 -127 -127 3 0 0 -127 -127 47 3
94 3 0 0 -127 -127 3 0 0 -127 -127 47 3
94 3 0 0 -127 -127 3 0 0 -127 -127 47 3
94 3 0 0 -127 -127 3 0 0 -127 -127 47 3
94 3 0 0 -127 -127 3 0 0 -127 -127 47 3
94 3 0 0 -127 -127 3 0 0 -127 -127 47 3
94 3 0 0 -127 -127 3 0 0 -127 -127 47 3
94 3 0 0 -127 -127 3 0 0 -127 -127 47 3
94 3 0 0 -127 -127 3 0 0 -127 -127 47 3
94 3 0 0 -127 -127 3 0 0 -127 -127 47 3
94 3 0 0 -127 -127 3 0 0 -127 -127 47 3
94 3 0 0 -127 -127 3 0 0 -127 -127 47 3
94 3 0 0 -127 -127 3 0 0 -127 -127 47 4
94 3 0 0 -127 -127 3 0 0 -127 -127 47 4
94 3 0 0 -127 -127 3 0 0 -127 -127 47 4
94 3 0 0 -127 -127 3 0 0 -127 -127 47 4
94 3 0 0 -127 -127 3 0 0 -127 -127 47 4
94 3 0 0 -127 -127 3 0 0 -127 -127 47 4
94 3 0 0 -127 -127 3 0 0 -127 -127 47 4
94 3 0 0 -127 -127 3 0 0 -127 -127 47 4
94 3 0 0 -127 -127 3 0 0 -127 -127 47 4
94 3 0 0 -127 -127 3 0 0 -127 -127 47 4
94 3 0 0 -127 -127 3 0 0 -127 -127 47 4
94 3 0 0 -127 -127 3 0 0 -127 -127 47 4
94 3 0 0 -127 -127 3 0 0 -127 -127 47 4
94 3 0 0 -127 -127 3 0 0 -127 -127 47 4
94 3 0 0 -127 -127 3 0 0 -127 -127 47 4
94 3 0 0 -127 -127 3 0 0 -127 -127 47 4
94 3 0 0 -127 -127 3 0 0 -127 -127 47 4
94 3 0 0 -127 -127 3 0 0 -127 -127 47 4
94 3 0 0 -127 -127 3 0 0 -127 -127 47 4
94 3 0 0 -127 -127 3 0 0 -127 -127 47 5
94 3 0 0 -127 -127 3 0 0 -127 -127 47 5
94 3 0 0 -127 -127 3 0 0 -127 -127 47 5
94 3 0 0 -127 -127 3 0 0 -127 -127 47 5
94 3 0 0 -127 -127 3 0 0 -127 -127 47 5
94 3 0 0 -127 -127 3 0 0 -127 -127 47 5
94 3 0 0 -127 -127 3 0 0 -127 -127 47 5
94 3 0 0 -127 -127 3 0 0 -127 -127 47 5
94 3 0 0 -127 -127 3 0 0 -127 -127 47 5
94 3 0 0 -127 -127 3 0 0 -127 -127 47 5
94 3 0 0 -127 -127 3 0 0 -127 -127 47 5
94 3 0 0 -127 -127 3 0 0 -127 -127 47 5
94 3 0 0 -127 -127 3 0 0 -127 -127 47 5
94 3 0 0 -127 -127 3 0 0 -127 -127 47 5
94 3 0 0 -127 -127 3 0 0 -127 -127 47 5
94 3 0 0 -127 -127 3 0 0 -127 -127 47 5
94 3 0 0 -127 -127 3 0 0 -127 -127 47 5
94 3 0 0 -127 -127 3 0 0 -127 -127 47 5
94 3 0 0 -127 -127 3 0 0 -127 -127 47 5
94 3 0 0 -127 -127 3 0 0 -127 -127 47 5
94 3 0 0 -127 -127 3 0 0 -127 -127 47 6
94 3 0 0 -127 -127 3 0 0 -127 -127 47 6
94 3 0 0 -127 -127 3 0 0 -127 -127 47 6
94 3 0 0 -127 -127 3 0 0 -127 -127 47 6
94 3 0 0 -127 -127 3 0 0 -127 -127 47 6
94 3 0 0 -127 -127 3 0 0 -127 -127 47 6
94 3 0 0 -127 -127 3 0 0 -127 -127 47 6
94 3 0 0 -127 -127 3 0 0 -127 -127 47 6
94 3 0 0 -127 -127 3 0 0 -127 -127 47 6
94 3 0 0 -127 -127 3 0 0 -127 -127 47 6
94 3 0 0 -127 -127 3 0 0 -127 -127 47 6
94 3 0 0 -127 -127 3 0 0 -127 -127 47 6
94 3 0 0 -127 -127 3 0 0 -127 -127 47 6
94 3 0 0 -127 -127 3 0 0 -127 -127 47 6
94 3 0 0 -127 -127 3 0 0 -127 -127 47 6
94 3 0 0 -127 -127 3 0 0 -127 -127 47 6
94 3 0 0 -127 -127 3 0 0 -127 -127 47 6
94 3 0 0 -127 -127 3 0 0 -127 -127 47 6
94 3 0 0 -127 -127 3 0 0 -127 -127 47 6
94 3 0 0 -127 -127 3 0 0 -127 -127 47 7
94 3 0 0 -127 -127 3 0 0 -127 -127 47 7
94 3 0 0 -127 -127 3 0 0 -127 -127 47 7
94 3 0 0 -127 -127 3 0 0 -127 -127 47 7
94 3 0 0 -127 -127 3 0 0 -127 -127 47 7
94 3 0 0 -127 -127 3 0 0 -127 -127 47 7
94 3 0 0 -127 -127 3 0 0 -127 -127 47 7
94 3 0 0 -127 -127 3 0 0 -127 -127 47 7
94 3 0 0 -127 -127 3 0 0 -127 -127 47 7
94 3 0 0 -127 -127 3 0 0 -127 -127 47 7
94 3 0 0 -127 -127 3 0 0 -127 -127 47 7
94 3 0 0 -127 -127 3 0 0 -127 -127 47 7
94 3 0 0 -127 -127 3 0 0 -127 -127 47 7
94 3 0 0 -127 -127 3 0 0 -127 -127 47 7
94 3 0 0 -127 -127 3 0 0 -127 -127 47 7
94 3 0 0 -127 -127 3 0 0 -127 -127 47 7
94 3 0 0 -127 -127 3 0 0 -127 -127 47 7
94 3 0 0 -127 -127 3 0 0 -127 -127 47 7
94 3 0 0 -127 -127 3 0 0 -127 -127 47 7
94 3 0 0 -127 -127 3 0 0 -127 -127 47 8
94 3 0 0 -127 -127 3 0 0 -127 -127 47 8
94 3 0 0 -127 -127 3 0 0 -127 -127 47 8
94 3 0 0 -127 -127 3 0 0 -127 -127 47 8
94 3 0 0 -127 -127 3 0 0 -127 -127 47 8
94 3 0 0 -127 -127 3 0 0 -127 -127 47 8
94 3 0 0 -127 -127 3 0 0 -127 -127 47 8
94 3 0 0 -127 -127 3 0 0 -127 -127 47 8
94 3 0 0 -127 -127 3 0 0 -127 -127 47 8
94 3 0 0 -127 -127 3 0 0 -127 -127 47 8
94 3 0 0 -127 -127 3 0 0 -127 -127 47 8
94 3 0 0 -127 -127 3 0 0 -127 -127 47 8
94 3 0 0 -127 -127 3 0 0 -127 -127 47 8
94 3 0 0 -127 -127 3 0 0 -127 -127 47 8
94 3 0 0 -127 -127 3 0 0 -127 -127 47 8
94 3 0 0 -127 -127 3 0 0 -127 -127 47 8
94 3 0 0 -127 -127 3 0 0 -127 -127 47 8
94 3 0 0 -127 -127 3 0 0 -127 -127 47 8
94 3 0 0 -127 -127 3 0 0 -127 -127 47 8
94 3 0 0 -127 -127 3 0 0 -127 -127 47 8
94 3 0 0 -127 -127 3 0 0 -127 -127 47 9
94 3 0 0 -127 -127 3 0 0 -127 -127 47 9
94 3 0 0 -127 -127 3 0 0 -127 -127 47 9
94 3 0 0 -127 -127 3 0 0 -127 -127 47 9
94 3 0 0 -127 -127 3 0 0 -127 -127 47 9
94 3 0 0 -127 -127 3 0 0 -127 -127 47 9
94 3 0 0 -127 -127 3 0 0 -127 -127 47 9
94 3 0 0 -127 -127 3 0 0 -127 -127 47 9
94 3 0 0 -127 -127 3 0 0 -127 -127 47 9
94 3 0 0 -127 -127 3 0 0 -127 -127 47 9
94 3 0 0 -127 -127 3 0 0 -127 -127 47 9
94 3 0 0 -127 -127 3 0 0 -127 -127 47 9
94 3 0 0 -127 -127 3 0 0 -127 -127 47 9
94 3 0 0 -127 -127 3 0 0 -127 -127 47 9
94 3 0 0 -127 -127 3 0 0 -127 -127 47 9
94 3 0 0 -127 -127 3 0 0 -127 -127 47 9
94 3 0 0 -127 -127 3 0 0 -127 -127 47 9
94 3 0 0 -127 -127 3 0 0 -127 -127 47 9
94 3 0 0 -127 -127 3 0 0 -127 -127 47 9
94 3 0 0 -127 -127 3 0 0 -127 -127 47 10
94 3 0 0 -127 -127 3 0 0 -127 -127 47 10
94 3 0 0 -127 -127 3 0 0 -127 -127 47 10
94 3 0 0 -127 -127 3 0 0 -127 -127 47 10
94 3 0 0 -127 -127 3 0 0 -127 -127 47 10
94 3 0 0 -127 -127 3 0 0 -127 -127 47 10
94 3 0 0 -127 -127 3 0 0 -127 -127 47 10
94 3 0 0 -127 -127 3 0 0 -127 -127 47 10
94 3 0 0 -127 -127 3 0 0 -127 -127 47 10
94 3 0 0 -127 -127 3 0 0 -127 -127 47 10
94 3 0 0 -127 -127 3 0 0 -127 -127 47 10
94 3 0 0 -127 -127 3 0 0 -127 -127 47 10
94 3 0 0 -127 -127 3 0 0 -127 -127 47 10
94 3 0 0 -127 -127 3 0 0 -127 -127 47 10
94 3 0 0 -127 -127 3 0 0 -127 -127 47 10
94 3 0 0 -127 -127 3 0 0 -127 -127 47 10
94 3 0 0 -127 -127 3 0 0 -127 -127 47 10
94 3 0 0 -127 -127 3 0 0 -127 -127 47 10
94 3 0 0 -127 -127 3 0 0 -127 -127 47 10
94 3 0 0 -127 -127 3 0 0 -127 -127 47 10
94 3 0 0 -127 -127 3 0 0 -127 -127 47 11
94 3 0 0 -127 -127 3 0 0 -127 -127 47 11
94 3 0 0 -127 -127 3 0 0 -127 -127 47 11
94 3 0 0 -127 -127 3 0 0 -127 -127 47 11
94 3 0 0 -127 -127 3 0 0 -127 -127 47 11
